Strike,Type,OI,Volume,GEX,Vanna,DEX,Charm
7485.0,Call,7.0,0.0,-261387.7597196448,287.67455926844974,-2524195.8125181687,232306.10837035748
7395.0,Put,304.0,242.0,-4629647.051920392,6079.439019965424,3124394.322144558,6894334.287877101
7445.0,Put,240.0,181.0,-5716332.942797304,6944.231485744527,3420950.06574654,6597006.767045681
7370.0,Call,18.0,0.0,-222512.48925554828,302.66518443715233,-6699439.140054522,369764.1800099554
7370.0,Put,118.0,103.0,-1458693.018030542,1984.138460792784,1030346.7589968946,2417852.2964103515
7360.0,Call,2.0,0.0,-22711.23133277766,31.347845768476684,-745573.0888419824,39282.84402443257
7665.0,Put,7.0,18.0,-1080317.9758449611,-802.8365410040045,2290756.380973638,-322733.81913791306
7835.0,Call,0.0,0.0,-0.0,-0.0,-0.0,-0.0
7660.0,Call,498.0,1407.0,-86689603.89998566,-57453.79622572747,-32004889.32720724,-23039515.815898784
7605.0,Call,209.0,291.0,-47017840.515359215,9417.034731017147,-49133541.834329866,4435690.038274934
7685.0,Call,586.0,568.0,-51037608.12984685,-52561.34276942971,-15103254.37756022,-21882827.798738357
7685.0,Put,1.0,0.0,-87088.61429168584,-89.69385644466789,355153.6903395433,-37392.190149592316
7245.0,Call,0.0,0.0,-0.0,0.0,-0.0,0.0
7245.0,Put,18.0,1.0,-93201.83838288221,143.9186654699351,79531.22845872746,233694.1005362143
7945.0,Call,0.0,0.0,-0.0,-0.0,-0.0,-0.0
7930.0,Put,0.0,0.0,-0.0,-0.0,0.0,-0.0
7930.0,Call,0.0,0.0,-0.0,-0.0,-0.0,-0.0
7885.0,Call,0.0,0.0,-0.0,-0.0,-0.0,-0.0
7590.0,Call,273.0,298.0,-51425574.230027266,19846.77177201792,-74375898.4457494,9924034.988024488
7635.0,Call,759.0,1758.0,-185968124.65403605,-44794.968528394136,-105564610.74269268,-19040447.005582534
7415.0,Put,184.0,155.0,-3319024.017830885,4237.04736905582,2140496.4673444014,4496892.920812486
7430.0,Put,1161.0,736.0,-24028582.32849353,29928.380567294687,14971373.152491366,30140788.813674867
7260.0,Put,523.0,508.0,-2931648.0873104683,4487.033573597874,2437831.2055897894,7049973.0693069985
7815.0,Put,0.0,0.0,-0.0,-0.0,0.0,-0.0
7815.0,Call,0.0,0.0,-0.0,-0.0,-0.0,-0.0
7550.0,Put,5575.0,2398.0,-551876688.3752563,418769.45324087056,282195981.8113297,251866453.97870788
7575.0,Put,1591.0,2510.0,-239135848.23398903,130895.9510116066,127671242.54787034,69698103.71512963
7510.0,Call,13.0,4.0,-685853.8460940324,681.5282725045321,-4592343.485636676,495320.33794094477
7575.0,Call,201.0,51.0,-30211298.791851632,16536.654276556965,-60435926.27481508,8815818.538460568
7495.0,Put,228.0,301.0,-9764507.617594259,10331.609917786116,5251149.257701218,8014872.159389015
7495.0,Call,1.0,0.0,-42827.17200951226,45.31419036220481,-357891.0046129146,35205.44303798511
7525.0,Put,634.0,966.0,-41793745.05226336,38448.56449679391,21434240.43409583,25986122.802207697
7240.0,Put,259.0,208.0,-1306616.4510063522,2023.473687959085,1124313.0493873858,3320957.7669144366
7950.0,Call,10005.0,10000.0,-52159942.10863044,-85279.10037114419,-34627470.81009946,-111152080.12333068
7610.0,Put,358.0,1040.0,-83792975.1806088,11099.049147782662,57419989.926214576,5134179.982510919
7700.0,Call,1185.0,729.0,-69049564.23083805,-80773.57133293702,-20257643.089127958,-36347305.82112579
8000.0,Call,7.0,0.0,-26349.118357750285,-44.821450238136634,-18705.87189147539,-64455.264298384296
7700.0,Put,18.0,9.0,-1048656.717691945,-1226.8311548005495,6549009.646346947,-552946.121581497
7500.0,Put,2717.0,2922.0,-124515013.38053751,129214.16841190294,66363349.625085466,98067375.31515566
7810.0,Put,1.0,0.0,-13974.811494916377,-20.40197880138955,374341.5925944553,-17353.559320317447
7800.0,Put,2.0,0.0,-30405.695598735754,-43.98099902376636,748049.8629351102,-35791.35529386787
7350.0,Put,996.0,914.0,-10380494.428454956,14542.178810434627,7530330.91322039,18609050.727811936
7300.0,Put,497.0,448.0,-3498429.313307599,5214.133425629786,2705126.963122393,7458848.749820239
7900.0,Put,0.0,0.0,-0.0,-0.0,0.0,-0.0
7675.0,Put,2.0,10.0,-234067.59566521668,-210.29887432841804,688401.1801077283,-85213.03588855437
7850.0,Put,0.0,0.0,-0.0,-0.0,0.0,-0.0
7770.0,Call,162.0,0.0,-3252779.668353714,-4561.956923363074,-1300667.8320056624,-3188444.135924832
7440.0,Call,40.0,2.0,-908737.8836741189,1113.2326932853105,-14685344.858191313,1081192.7494271745
7300.0,Call,182.0,0.0,-1281114.900303562,1909.4009079497803,-68337342.5635584,2740906.254573046
7450.0,Call,167.0,9.0,-4177050.8990664994,5028.8546632438765,-61148890.22536954,4689791.390088555
7675.0,Call,836.0,1583.0,-97842782.5371033,-87903.98483410213,-30702394.33885712,-35576349.85522367
7760.0,Call,120.0,72.0,-2667221.2401956804,-3699.3731868599616,-1015596.7313481093,-2442064.2053560894
7670.0,Call,461.0,1218.0,-62071392.14351487,-51431.008628501164,-20183848.20335428,-20545753.864619523
7410.0,Call,17.0,2.0,-293568.0919212256,377.5690311583614,-6284165.55436247,408484.64535444725
7825.0,Put,1.0,0.0,-12385.473002626328,-18.324331237082074,374780.8251897467,-16579.612254808377
7350.0,Call,10.0,8.0,-104221.82864975871,146.00580851105784,-3733622.4234453226,187359.66549451297
7760.0,Put,0.0,0.0,-0.0,-0.0,0.0,-0.0
7890.0,Put,0.0,0.0,-0.0,-0.0,0.0,-0.0
7625.0,Put,1701.0,2793.0,-425898154.32537925,-35902.42176297781,354068949.809187,-15801228.759631721
7710.0,Call,1014.0,84.0,-48257920.573487535,-58932.473716254375,-14784475.56616503,-28541515.26522722
7375.0,Call,1.0,0.0,-12892.181004437507,17.410656879572077,-371888.8435458416,20986.80077959974
7840.0,Call,0.0,0.0,-0.0,-0.0,-0.0,-0.0
7720.0,Call,623.0,119.0,-24271498.663648665,-30921.635021407757,-7674621.667286259,-15931574.19430317
7260.0,Call,6.0,0.0,-33632.67217458264,51.476482453268844,-2257569.4227378853,81192.31491872823
7475.0,Put,1264.0,1368.0,-41568598.57967897,47250.75722158253,23031825.767806593,39653599.65024786
7620.0,Put,1996.0,3195.0,-493472065.1114078,-4660.801180578653,382466950.80961394,-2137536.2500183
7900.0,Call,584.0,329.0,-4237775.057983322,-6659.9380120432315,-2568741.8508535195,-7686493.003347573
7325.0,Put,571.0,471.0,-4817997.990010213,6993.474768434116,3593434.985363861,9453651.843074048
7560.0,Call,142.0,40.0,-16629916.889725424,11393.649590117682,-45576773.652256586,6499318.379638124
7800.0,Call,728.0,14.0,-11079252.787706576,-16020.943893767264,-5029633.643384747,-13003677.062418738
7465.0,Put,551.0,494.0,-16220752.66651684,18871.665479287243,9242628.417483471,16554189.413992869
7605.0,Put,277.0,851.0,-62315874.81261605,12481.104725468545,40395970.191994615,5864461.962329387
7785.0,Put,0.0,0.0,-0.0,-0.0,0.0,-0.0
7550.0,Call,364.0,33.0,-36032917.07144855,27341.893377455137,-120230627.14537191,16463758.949053666
7360.0,Put,285.0,126.0,-3236350.546728913,4467.068097851022,2318837.269101751,5582933.770053387
7600.0,Put,1185.0,3106.0,-252306985.054698,66593.54150228351,157067750.75309154,32029553.549759235
7770.0,Put,1.0,0.0,-20062.720986024513,-28.144718364581482,372904.0644206299,-19718.065857814374
7425.0,Call,49.0,2.0,-968406.2153029195,1216.184393311132,-18054508.3944835,1249722.420643651
7465.0,Call,1.0,0.0,-29438.762817679788,34.249852169470216,-364148.5238941534,30096.09255778177
7860.0,Call,2.0,0.0,-19116.791672214335,-29.106217572315828,-10529.967520378605,-29796.643302944693
7640.0,Call,1532.0,1891.0,-363910688.2360921,-117700.99813621322,-187290061.38256216,-49162988.663968615
7560.0,Put,586.0,1092.0,-68627683.75110744,47019.258553878426,35135890.06578254,26790553.845400702
7610.0,Call,340.0,830.0,-79579432.50080982,10540.862301033161,-74980743.55429329,4893747.478322765
7410.0,Put,294.0,96.0,-5077001.19918895,6529.723306750768,3312209.3512112014,7049040.34958653
7890.0,Call,0.0,0.0,-0.0,-0.0,-0.0,-0.0
7880.0,Call,15.0,15.0,-124674.62781823345,-192.86932523504422,-72247.01338742964,-210249.63143578425
7780.0,Call,101.0,0.0,-1840600.862598057,-2609.2234102219945,-769985.7179289028,-1923033.4276201357
7695.0,Call,442.0,322.0,-29157220.35100791,-32975.22774106177,-8497392.070827058,-14399611.696596794
7305.0,Call,0.0,0.0,-0.0,0.0,-0.0,0.0
7555.0,Call,23.0,9.0,-2475463.6558873886,1789.1313721522927,-7494899.509874643,1049231.948002585
7570.0,Call,276.0,67.0,-38213310.79038245,22720.25244525063,-85019302.64108908,12411050.711643102
7630.0,Put,356.0,1346.0,-88620257.09864785,-14277.329946567901,80063401.0069685,-6191254.122633991
7630.0,Call,1298.0,1934.0,-323113141.24514776,-52055.35844834751,-202521594.12464464,-22505843.206041034
7450.0,Put,943.0,815.0,-23586581.415683135,28396.467119995556,13920374.1701041,26432669.713834684
7385.0,Put,81.0,27.0,-1135120.0073860318,1511.4622177045626,781468.4687088532,1766756.2074378638
7390.0,Call,130.0,5.0,-1899139.4231697668,2511.215800322632,-48225113.26218118,2898789.1196636027
7425.0,Put,445.0,1147.0,-8794709.63624914,11044.93999216864,5546239.943133799,11326299.471987855
7840.0,Put,1.0,0.0,-11042.379031266737,-16.546535392018843,375181.5285072366,-15849.794202638997
7775.0,Call,205.0,15.0,-3919219.4738589567,-5526.444243604329,-1603633.1515454275,-3968259.490973959
7415.0,Call,0.0,0.0,-0.0,0.0,-0.0,0.0
7385.0,Call,2.0,1.0,-28027.653964218625,37.32005429984964,-742550.1132924847,43727.971638703755
7430.0,Call,12.0,6.0,-248357.43643343463,309.33726427708194,-4416330.911622172,312158.87083874573
7420.0,Put,402.0,153.0,-7588298.565807284,9608.854581971922,4840317.9544260455,10026859.526755715
7650.0,Call,2393.0,4297.0,-505613536.3408464,-249867.33543109658,-216648669.65321767,-101356863.30136688
7295.0,Put,27.0,1.0,-184178.558544901,275.6029752671375,143657.84376589244,398945.9483432892
7520.0,Put,2675.0,597.0,-163593944.4714798,154567.09494851506,84616049.686192,107136377.44699241
7780.0,Put,0.0,0.0,-0.0,-0.0,0.0,-0.0
7595.0,Put,376.0,1331.0,-75576260.02410531,24662.328083732355,45114674.48727245,12078290.459139805
7275.0,Put,291.0,2.0,-1769433.1042160625,2683.6032342259246,1432029.4893894135,4073871.8180754855
7615.0,Put,306.0,1114.0,-74207679.08905421,4669.955093083065,53738475.58753613,2112445.672432311
7275.0,Call,6.0,0.0,-36483.15488143788,55.33202330096905,-2256010.5123242172,84310.4399402798
7880.0,Put,0.0,0.0,-0.0,-0.0,0.0,-0.0
7645.0,Put,72.0,136.0,-16289166.56657382,-6650.485397704149,19800860.91376181,-2736882.5503282025
7725.0,Put,1.0,0.0,-35150.601293084736,-45.776284639687645,369692.9373563964,-24264.979608876234
7820.0,Call,2.0,0.0,-25802.01176843483,-37.99441092559764,-12591.0673711124,-33602.341927468515
7405.0,Call,3.0,0.0,-49664.72697359269,64.3230391780215,-1109984.5260176994,70779.05907272715
7755.0,Call,170.0,124.0,-3983400.2159611075,-5493.361773728996,-1477752.0015685128,-3518288.0867018197
7485.0,Put,241.0,267.0,-8999137.438248746,9904.196143078507,4897864.54297644,7985330.186120203
7500.0,Call,66.0,49.0,-3024684.181404703,3138.8122196055,-23528806.65989874,2385669.3303523213
7755.0,Put,0.0,0.0,-0.0,-0.0,0.0,-0.0
7775.0,Put,0.0,0.0,-0.0,-0.0,0.0,-0.0
7735.0,Call,141.0,15.0,-4156699.748349844,-5590.229362964232,-1374225.7467026613,-3132794.821541368
7735.0,Put,0.0,0.0,-0.0,-0.0,0.0,-0.0
7765.0,Call,9.0,0.0,-190011.39432045983,-265.02384271510965,-74179.90485831499,-180114.01853012288
7845.0,Call,0.0,0.0,-0.0,-0.0,-0.0,-0.0
7475.0,Call,74.0,1.0,-2433616.181511748,2766.268274559993,-26839893.614075884,2325364.7367481734
7790.0,Put,0.0,0.0,-0.0,-0.0,0.0,-0.0
7730.0,Call,222.0,105.0,-7076532.217309042,-9398.778489852739,-2287938.9650066914,-5103970.916818962
7325.0,Call,1.0,0.0,-8437.824532078279,12.247766339949814,-374629.5844278389,16608.48853941801
7545.0,Call,354.0,4.0,-32257473.692966804,25591.279613883635,-118349047.29385532,15805809.71134839
7870.0,Put,0.0,0.0,-0.0,-0.0,0.0,-0.0
7595.0,Call,178.0,319.0,-35777942.24394206,11675.114429743327,-46446707.2297355,5727172.895652059
7660.0,Put,104.0,155.0,-18103877.83481643,-11998.619013298416,32932397.81799724,-4816898.110016277
7680.0,Call,392.0,424.0,-39573775.89849821,-38294.68944034773,-11991188.959640048,-15678715.182054255
7740.0,Put,3.0,0.0,-83074.58957907514,-112.55271020248023,1114485.7561308413,-65460.56650270113
7810.0,Call,13.0,0.0,-181879.04802906993,-265.441257749798,-85702.39816994588,-225173.96424815507
7515.0,Call,7.0,0.0,-397447.154895529,385.31791540767176,-2459398.4079974284,273823.8877256404
7515.0,Put,993.0,1020.0,-56380237.366690025,54660.09923089817,29372466.59093323,38791730.17043766
7565.0,Call,28.0,46.0,-3567639.5179326003,2285.914508198502,-8815211.432621125,1276465.6054563858
7585.0,Put,512.0,442.0,-89879999.28626645,39812.30937499452,50174845.24983957,20277414.77296183
7860.0,Put,0.0,0.0,-0.0,-0.0,0.0,-0.0
7875.0,Put,0.0,0.0,-0.0,-0.0,0.0,-0.0
7750.0,Put,0.0,0.0,-0.0,-0.0,0.0,-0.0
7845.0,Put,0.0,0.0,-0.0,-0.0,0.0,-0.0
7315.0,Call,0.0,0.0,-0.0,0.0,-0.0,0.0
7745.0,Call,238.0,57.0,-6225780.083030582,-8484.880504775774,-2184534.1884503197,-5095740.978321615
7240.0,Call,6.0,0.0,-30269.10515156257,46.87583619954161,-2259491.031401849,77246.46718865086
7615.0,Call,200.0,674.0,-48501438.93257344,3052.217421831625,-41061358.39269158,1391110.1570588353
7635.0,Put,92.0,232.0,-22541753.40435868,-5429.776099515559,22249226.496052124,-2312749.9850014145
7715.0,Call,695.0,50.0,-29957310.722808983,-37351.014165881475,-9344028.12629627,-18691142.81425722
7705.0,Put,3.0,3.0,-157449.29404946815,-188.47067340706815,1095602.5878622648,-88158.71230059864
7715.0,Put,3.0,0.0,-129272.44822277028,-161.19951750453725,1102456.2119671246,-80812.93568888599
7705.0,Call,316.0,48.0,-16588366.487726005,-19854.49842429226,-4970183.971134784,-9271637.626590494
7910.0,Call,0.0,0.0,-0.0,-0.0,-0.0,-0.0
7455.0,Call,0.0,0.0,-0.0,0.0,-0.0,0.0
7455.0,Put,379.0,294.0,-10000884.733348513,11907.46373330812,5836245.8307297565,10873705.649994804
7250.0,Put,294.0,276.0,-1562761.0829615006,2406.1137425052366,1322280.8964600775,3864974.997062594
7310.0,Call,4.0,1.0,-30119.46878196216,44.4807886212997,-1500773.091163962,62376.82999664313
7310.0,Put,165.0,91.0,-1242428.1411254127,1834.8325882706717,945374.5612061946,2564434.449028895
7875.0,Call,103.0,103.0,-886143.762656783,-1365.43465139508,-507318.31612469384,-1466111.0137132613
7870.0,Call,0.0,0.0,-0.0,-0.0,-0.0,-0.0
8000.0,Put,0.0,0.0,-0.0,-0.0,0.0,-0.0
7710.0,Put,3.0,1.0,-142737.7330456448,-174.3320767139854,1099047.862183422,-84576.86986069626
7315.0,Put,53.0,0.0,-413801.5828914231,607.8991458910782,312590.87661076616,840046.1410222104
7335.0,Call,1.0,0.0,-9166.89858246001,13.126228041098804,-374161.65120327775,17417.093952981544
7745.0,Put,1.0,1.0,-26141.90332331216,-35.635635206363304,371753.53797274636,-21449.05792351996
7785.0,Call,135.0,0.0,-2347904.8317172793,-3345.6267833484476,-1003461.9377127422,-2528788.5964275254
7805.0,Put,0.0,0.0,-0.0,-0.0,0.0,-0.0
7795.0,Call,84.0,7.0,-1335035.2010618013,-1921.3580885369279,-594336.4206988646,-1523936.8837068353
7805.0,Call,2.0,0.0,-29171.83803115907,-42.380146345714834,-13496.197774633327,-35177.69166096807
7790.0,Call,95.0,1.0,-1578520.753654143,-2260.687012381232,-688746.4337355229,-1751016.8977789148
7855.0,Put,0.0,0.0,-0.0,-0.0,0.0,-0.0
7855.0,Call,2.0,0.0,-19813.564619348785,-30.04560733892457,-10765.942403185169,-30249.077021133053
7965.0,Put,0.0,0.0,-0.0,-0.0,0.0,-0.0
7965.0,Call,0.0,0.0,-0.0,-0.0,-0.0,-0.0
7645.0,Call,707.0,1322.0,-159949463.77701476,-65302.9361285213,-74879545.88650617,-26837591.632097214
7670.0,Put,86.0,99.0,-11579325.691623637,-9594.659724336048,28994271.66483009,-3837266.854986657
7285.0,Call,0.0,0.0,-0.0,0.0,-0.0,0.0
7505.0,Put,657.0,928.0,-32262576.227414247,32800.46306335519,17040613.325607937,24338666.170887418
7395.0,Call,1.0,0.0,-15229.101877435663,19.998154451996836,-370645.20261278446,22730.912021242853
7865.0,Call,1.0,0.0,-9225.741182614818,-14.103045435591152,-5149.51100633652,-14674.67300986876
7445.0,Call,2.0,1.0,-47636.107138356536,57.86859525074616,-733337.7139929398,55079.41798111905
7680.0,Put,11.0,33.0,-1110438.1589431288,-1074.5968539234807,3853704.465566539,-440517.8735407847
7355.0,Call,2.0,2.0,-21759.33014843218,30.2573942344372,-746155.1327431598,38376.19887662534
7355.0,Put,80.0,24.0,-870373.2292535318,1210.2957913612304,627619.9339147768,1530873.4993564442
7265.0,Call,2.0,1.0,-11516.397405081621,17.573430969775185,-752353.8511870784,27405.357199111553
7435.0,Put,312.0,192.0,-6764101.619583761,8355.45386137995,4161070.245295052,8258383.6638983525
7255.0,Call,1.0,1.0,-5457.962245767011,8.37861937295547,-376344.33044968924,13363.961576489939
7535.0,Call,78.0,1.0,-6011568.911833623,5199.462348140837,-26668856.093613945,3343971.1608859934
7545.0,Put,314.0,462.0,-28612475.21978394,22699.74172972251,14633244.770082863,14003416.35865481
7585.0,Call,68.0,135.0,-11937139.183489611,5287.513734151638,-19238867.255057994,2696631.37994024
7565.0,Put,1149.0,1630.0,-146400780.34256276,93804.9863937947,75940976.76911686,52320776.86048632
7750.0,Call,279.0,43.0,-6901938.08308398,-9462.758898414719,-2491719.595858266,-5872672.443337734
7690.0,Put,0.0,0.0,-0.0,-0.0,0.0,-0.0
7280.0,Put,377.0,346.0,-2356615.069512207,3563.0189183070675,1889558.4617398174,5345420.792817504
7330.0,Call,63.0,1.0,-553815.9556821305,798.5526163431177,-23587424.40567533,1071166.5603904582
7725.0,Call,659.0,45.0,-23174474.446869906,-30174.746880043313,-7405952.598769778,-15963289.81171272
7765.0,Put,1.0,0.0,-21096.121622503942,-29.431688475244332,372690.53081470664,-20049.41880915972
7665.0,Call,508.0,941.0,-78400512.4852959,-58261.8914542896,-27266393.91667986,-23394836.46896405
7695.0,Put,10.0,7.0,-659569.6938784983,-746.0009442095244,3617035.1770917475,-326257.4108563768
7255.0,Put,2.0,3.0,-10915.925109852013,16.75723945800943,9156.970283180139,26623.562242232303
7295.0,Call,0.0,0.0,-0.0,0.0,-0.0,0.0
7305.0,Put,87.0,0.0,-632878.1419955471,939.1382527800694,485330.879479051,1327807.4205585828
7865.0,Put,0.0,0.0,-0.0,-0.0,0.0,-0.0
7345.0,Put,110.0,71.0,-1098206.440811686,1549.9170758992668,801219.5796319483,2005920.1114967535
7285.0,Put,24.0,17.0,-154313.40871688497,232.55716767023026,122580.09750378944,344764.5896645765
7835.0,Put,0.0,0.0,-0.0,-0.0,0.0,-0.0
7440.0,Put,334.0,115.0,-7587961.441628571,9295.49306404614,4605590.838714669,9010531.068053791
7895.0,Call,0.0,0.0,-0.0,-0.0,-0.0,-0.0
7895.0,Put,1.0,0.0,-7487.803069843851,-11.727692291881924,376436.9299312358,-13395.235974550911
7320.0,Put,186.0,31.0,-1508414.1545868868,2203.231488515483,1131905.9804583704,3010951.6446461626
7380.0,Call,11.0,1.0,-147864.88757238377,198.27690691774086,-4087420.5718037467,235697.4567454929
7655.0,Put,49.0,46.0,-9468111.658989497,-5462.276953123921,14893594.186564386,-2209860.722280184
7655.0,Call,563.0,1483.0,-108786185.3629553,-62759.23841375852,-43335943.299546964,-25361359.911337662
7555.0,Put,241.0,306.0,-25938528.51203717,18747.12745099072,13268699.46374485,10981540.357357241
7365.0,Put,430.0,434.0,-5095376.977103985,6981.4614956499045,3625851.8682881184,8617792.359069292
7910.0,Put,0.0,0.0,-0.0,-0.0,0.0,-0.0
7740.0,Call,329.0,140.0,-9116122.247711027,-12348.245047786406,-3104737.605059306,-7166089.670257433
7915.0,Put,0.0,0.0,-0.0,-0.0,0.0,-0.0
7915.0,Call,0.0,0.0,-0.0,-0.0,-0.0,-0.0
7925.0,Call,536.0,536.0,-3292658.913624553,-5277.968476024951,-2095887.6448647494,-6495226.220275987
7925.0,Put,0.0,0.0,-0.0,-0.0,0.0,-0.0
7280.0,Call,0.0,0.0,-0.0,0.0,-0.0,0.0
7270.0,Put,279.0,205.0,-1650695.4510535598,2511.2263785207515,1348260.899496487,3856815.017003737
7920.0,Call,0.0,0.0,-0.0,-0.0,-0.0,-0.0
7530.0,Call,187.0,6.0,-13304584.988952382,11899.942942689322,-64471259.52633363,7841783.8720065905
7505.0,Call,0.0,0.0,-0.0,0.0,-0.0,0.0
7435.0,Call,1.0,0.0,-21679.812563264273,26.780300618852166,-367586.0519576169,26521.359228109053
7490.0,Call,175.0,7.0,-7001967.46099629,7554.285038470446,-62868952.70736911,5989271.849991456
7270.0,Call,1.0,0.0,-5916.470835282065,9.000811035268347,-376090.33924903243,13875.890210685637
7535.0,Put,478.0,492.0,-36839925.2362458,31863.49226036309,18648508.19570958,20467487.620999817
7390.0,Put,88.0,38.0,-1285571.3254060966,1699.899946050345,876515.7110443744,1957665.339748384
7730.0,Put,1.0,0.0,-31859.545752252183,-42.322746958840966,370625.64026401733,-23030.961267365765
7250.0,Call,65.0,0.0,-345508.3827271133,531.9638995412414,-24467641.998913046,857893.0040874603
7905.0,Put,0.0,0.0,-0.0,-0.0,0.0,-0.0
7400.0,Put,1072.0,1080.0,-17020177.52458072,22196.205059744712,11363143.377408566,24774000.699921437
7600.0,Call,930.0,1462.0,-198011996.70949146,52262.65939258917,-230989533.87966272,25185506.45967815
7400.0,Call,285.0,5.0,-4524953.836564456,5901.043261442681,-105542017.4750489,6601242.988293277
7335.0,Put,97.0,79.0,-889189.1926142672,1273.2441502507452,655832.9431793728,1684396.5932051
7345.0,Call,1.0,0.0,-9983.694615557462,14.090154942271083,-373639.00119541725,18287.81803665493
7935.0,Put,0.0,0.0,-0.0,-0.0,0.0,-0.0
7940.0,Call,5201.0,5201.0,-28947882.704885047,-46955.69132767534,-18911385.492785174,-59855696.6801779
7935.0,Call,0.0,0.0,-0.0,-0.0,-0.0,-0.0
7945.0,Put,0.0,0.0,-0.0,-0.0,0.0,-0.0
7920.0,Put,0.0,0.0,-0.0,-0.0,0.0,-0.0
7955.0,Call,0.0,0.0,-0.0,-0.0,-0.0,-0.0
7940.0,Put,0.0,0.0,-0.0,-0.0,0.0,-0.0
7960.0,Call,0.0,0.0,-0.0,-0.0,-0.0,-0.0
7960.0,Put,0.0,0.0,-0.0,-0.0,0.0,-0.0
7950.0,Put,1.0,1.0,-5193.811960013417,-8.498498876982099,377479.83296711335,-11120.052188929643
7640.0,Put,132.0,225.0,-31355454.50420094,-10141.504437819614,34144625.88287573,-4242893.457752855
7650.0,Put,101.0,237.0,-21340274.828881945,-10546.204467602538,29329343.212307543,-4283207.827152047
7850.0,Call,26.0,0.0,-267073.0532325578,-403.35099155813674,-143093.99903501684,-399190.97259704827
7625.0,Call,999.0,1557.0,-250128930.8420692,-21085.262566094032,-172596766.09191927,-9227896.84614379
7620.0,Call,495.0,1304.0,-122378277.47801389,-1155.8480310816449,-93706529.56955439,-504268.81573644176
7980.0,Call,0.0,0.0,-0.0,-0.0,-0.0,-0.0
7980.0,Put,0.0,0.0,-0.0,-0.0,0.0,-0.0
7975.0,Call,0.0,0.0,-0.0,-0.0,-0.0,-0.0
7975.0,Put,0.0,0.0,-0.0,-0.0,0.0,-0.0
7970.0,Call,0.0,0.0,-0.0,-0.0,-0.0,-0.0
7955.0,Put,0.0,0.0,-0.0,-0.0,0.0,-0.0
7970.0,Put,0.0,0.0,-0.0,-0.0,0.0,-0.0
7380.0,Put,412.0,471.0,-5538212.264835825,7426.371519745955,3847720.3969100364,8806442.627440412
7690.0,Call,674.0,590.0,-50651728.06223213,-55088.242283220294,-14725241.062691167,-23366197.822867706
7885.0,Put,0.0,0.0,-0.0,-0.0,0.0,-0.0
7905.0,Call,0.0,0.0,-0.0,-0.0,-0.0,-0.0
7405.0,Put,129.0,119.0,-2135583.294592006,2765.890712079854,1409708.5826279186,3036768.2135784375
7365.0,Call,1.0,0.0,-11849.713617384275,16.23595670883358,-372490.60188871174,20093.558309765718
7265.0,Put,8.0,0.0,-46065.59212635893,70.29372673353946,37967.11998163216,109203.9850623184
7795.0,Put,1.0,0.0,-15877.344918980012,-22.8571532119961,373858.1825244809,-18176.07391295395
7460.0,Put,768.0,864.0,-21403340.859207314,25190.680831162434,12348524.600731485,22557052.220623575
7320.0,Call,6.0,0.0,-48658.51918098197,71.07198147520803,-2249023.7973347083,97440.55580109148
7330.0,Put,141.0,12.0,-1239492.8976066078,1787.2368532903824,919214.7542250628,2390015.313168801
7480.0,Put,952.0,740.0,-33203387.02463245,37244.38458413644,18158399.02189623,30568485.068558
7480.0,Call,63.0,7.0,-2197297.452207542,2464.708458748645,-22796462.764434572,2026215.1510536005
7490.0,Put,450.0,766.0,-18004906.453570154,19425.251436987557,9752069.74598334,15377373.392399736
7520.0,Call,70.0,16.0,-4280996.928748023,4044.7427933076833,-24450296.22245595,2807243.4640356093
7530.0,Put,474.0,460.0,-33723702.31213282,30163.574823460556,17137921.276783403,19852173.54707772
7570.0,Put,1080.0,1360.0,-149530628.9053635,88906.19632469161,78711663.02332185,48508720.302828014
7590.0,Put,589.0,795.0,-110951656.1287337,42820.080278339265,63896567.90061849,21380561.521239653
7720.0,Put,2.0,1.0,-77889.57761721915,-99.2454384029607,737223.4495077351,-51230.290314890975
7340.0,Call,6.0,0.0,-57389.69667605284,81.58985133965702,-2243436.609167739,107081.62379855
7580.0,Call,101.0,51.0,-16442247.626413368,8173.431416307426,-29529807.765787113,4256017.8253504895
7510.0,Put,1101.0,1767.0,-58086021.64398026,57720.15518582816,30459170.009426806,41891995.94188655
7525.0,Call,71.0,23.0,-4680405.989584721,4305.746283885965,-24645103.08201379,2913843.6167272
7375.0,Put,441.0,103.0,-5685451.944375029,7678.09979079245,3983981.643628484,9232167.42785027
7290.0,Put,563.0,530.0,-3726551.1197716906,5596.9107496523275,2933005.8082975154,8198877.418862351
7290.0,Call,1.0,0.0,-6619.095803093935,9.941226550176967,-375713.2138005673,14615.017829287865
7340.0,Put,206.0,106.0,-1970379.6488555735,2801.2516249952937,1445443.0907737429,3665719.8718467136
7540.0,Put,564.0,831.0,-47287228.548526816,39193.21257613669,24093388.211117838,24706766.751166575
7540.0,Call,93.0,8.0,-7797394.725034137,6462.679254186227,-31452902.86571306,4078857.7346144514
7580.0,Put,441.0,880.0,-71792632.66062994,35688.33506798699,39049611.68986251,18560259.224324856
7460.0,Call,25.0,5.0,-696723.2651058385,820.0091015771244,-9121100.254196674,735583.5001690178
7470.0,Put,810.0,1052.0,-25196992.21893397,28977.118615860916,14165025.270016558,24875287.723411035
7470.0,Call,42.0,5.0,-1306513.9476453564,1502.5189285496663,-15264271.936623845,1292024.5305548683
7420.0,Call,68.0,6.0,-1283592.772999948,1625.3783727752996,-25083991.204801507,1699633.9878854346
7825.0,Call,2.0,0.0,-24802.790065787023,-36.682794697747276,-12307.522258488887,-33097.422203187445
7830.0,Call,2.0,0.0,-23858.671524240617,-35.43820252690286,-12033.012212544712,-32603.19651161815
7820.0,Put,1.0,0.0,-12885.105019703748,-18.980308674263892,374638.8817294552,-16832.6119182261
7830.0,Put,0.0,0.0,-0.0,-0.0,0.0,-0.0
