Strike,Type,OI,Volume,GEX,Vanna,DEX,Charm,IV
26990.0,Put,12.0,15.0,-455871.21170682006,93.88902257422043,866050.9060396051,776015.2443446966,0.591769559175592
26980.0,Call,0.0,0.0,-0.0,0.0,-0.0,0.0,0.593321544270051
28160.0,Put,1.0,0.0,-88231.59589032011,-5.6385908940375495,348850.9918870119,-36197.86181149573,0.458954255938629
28070.0,Put,23.0,52.0,-2042449.0996826813,-77.59938593596131,7333058.298422368,-512619.5970858822,0.471971570120809
28940.0,Put,0.0,0.0,-0.0,-0.0,0.0,-0.0,0.447990822343622
28920.0,Call,4.0,0.0,-128736.48979691116,-36.26530857744128,-155035.7003017174,-224009.7303375945,0.442229260676695
28170.0,Call,26.0,31.0,-2290707.1379540325,-153.27687946700036,-5367088.9704852905,-978224.356831149,0.457213351975321
28180.0,Call,23.0,35.0,-2022938.7297316652,-141.4888519726046,-4669156.674562668,-899563.7837022882,0.455458928146315
29320.0,Put,0.0,0.0,-0.0,-0.0,0.0,-0.0,0.524385209448517
29280.0,Call,1.0,0.0,-19104.933395153792,-6.197702009764119,-24676.883863499064,-45161.42041756081,0.521675215915453
27130.0,Call,0.0,0.0,-0.0,0.0,-0.0,0.0,0.570175516235238
26880.0,Put,7.0,11.0,-230528.48376050693,51.60330537902799,430062.37263279123,439162.75927485514,0.609308219235419
27170.0,Put,6.0,8.0,-284826.38803689973,48.14041593106501,588396.6573055615,390435.48948932823,0.580710785857318
27160.0,Put,14.0,16.0,-657041.6040879231,112.48815707182315,1349441.455530209,912742.7920375871,0.580978892282921
27460.0,Put,4.0,4.0,-254140.56646059093,27.46308636513649,608435.3641572311,213904.44308011176,0.557789645584274
27175.0,Put,1.0,1.0,-47742.07362259375,8.01826971403773,98891.72701934294,65005.64383884537,0.580485926315143
26910.0,Put,27.0,31.0,-925453.2724512157,202.32263384020177,1739854.2249054085,1711672.7533888347,0.605713888336939
26880.0,Call,0.0,0.0,-0.0,0.0,-0.0,0.0,0.598498680663735
26870.0,Put,20.0,38.0,-649691.24208254,146.64368165949452,1207874.3218318697,1249720.7881009688,0.610151848594581
27125.0,Call,0.0,0.0,-0.0,0.0,-0.0,0.0,0.581265537901097
26940.0,Call,0.0,0.0,-0.0,0.0,-0.0,0.0,0.600729876894295
27975.0,Put,116.0,282.0,-10141048.027147548,-122.23644244618976,33408430.17749776,-835657.4210308881,0.486713517968366
27190.0,Put,22.0,3.0,-1068354.6747834934,176.11391848091088,2229066.4432095056,1425279.381326179,0.579468926172315
27180.0,Call,0.0,0.0,-0.0,0.0,-0.0,0.0,0.580202975965577
27160.0,Call,0.0,0.0,-0.0,0.0,-0.0,0.0,0.580978892282914
26890.0,Put,12.0,17.0,-400561.1768727226,88.94364473029842,749500.8485157549,755663.9736135966,0.608280081247971
27475.0,Put,17.0,16.0,-1094154.560660259,114.7208565870301,2640467.818807925,891169.396329996,0.556320309610369
27140.0,Put,10.0,6.0,-458585.763479827,80.62820463441562,929156.3813578443,653955.3357528836,0.58073287879236
27125.0,Put,0.0,0.0,-0.0,0.0,0.0,0.0,0.581265537901115
26940.0,Put,5.0,5.0,-178160.13553164902,38.09850436046883,336404.59200144303,319664.021518515,0.600729876894248
26910.0,Call,0.0,0.0,-0.0,0.0,-0.0,0.0,0.595388046879286
26875.0,Call,0.0,0.0,-0.0,0.0,-0.0,0.0,0.609753833303998
26875.0,Put,4.0,4.0,-130834.91072983206,29.408011887851483,243674.30791487396,250456.0520250266,0.609753833304008
29210.0,Call,3.0,0.0,-64246.123193551495,-20.14768707122147,-83420.81535707913,-144136.76297877874,0.512170776183436
29210.0,Put,0.0,0.0,-0.0,-0.0,0.0,-0.0,0.512170776182911
29180.0,Call,13.0,1.0,-291178.904334673,-90.1548031964229,-377413.8053963627,-638192.9112262692,0.506791221804527
28360.0,Put,4.0,2.0,-319617.73242572567,-40.506368251969405,1661363.7160839643,-243722.8626052544,0.430326443538605
27210.0,Put,1.0,2.0,-49671.76827161821,7.991308978471442,104483.08701561733,64448.155104953956,0.577457201202645
27170.0,Call,0.0,0.0,-0.0,0.0,-0.0,0.0,0.580710785857337
26970.0,Put,3.0,3.0,-111057.04707178338,23.249711185523086,210128.5694515807,193138.26669219858,0.594766206474416
26890.0,Call,0.0,0.0,-0.0,0.0,-0.0,0.0,0.597538085894571
26870.0,Call,0.0,0.0,-0.0,0.0,-0.0,0.0,0.599444616908603
29190.0,Put,0.0,0.0,-0.0,-0.0,0.0,-0.0,0.508654876833615
27480.0,Put,5.0,7.0,-323216.90531021974,33.547098575302186,781935.0514091614,260327.59563100466,0.555743890368683
27470.0,Call,0.0,0.0,-0.0,0.0,-0.0,0.0,0.556839566840992
27440.0,Call,0.0,0.0,-0.0,0.0,-0.0,0.0,0.559882389777366
26700.0,Put,90.0,222.0,-2324594.9316046485,587.5547681584623,4195502.282386853,5204452.844753557,0.634169682027054
28450.0,Call,61.0,126.0,-4455395.889927778,-707.040111536272,-6972484.446252734,-4095124.0929121915,0.414720107115058
27850.0,Call,14.0,42.0,-1171473.9471158164,23.40281273406606,-4324709.148747811,165490.61622660953,0.504404123699258
27075.0,Call,0.0,0.0,-0.0,0.0,-0.0,0.0,0.588657948951309
26980.0,Put,8.0,10.0,-300019.6304943157,62.29511277761787,568884.8060037603,516235.35388737614,0.593321544270064
27070.0,Call,0.0,0.0,-0.0,0.0,-0.0,0.0,0.589155538204548
26975.0,Call,0.0,0.0,-0.0,0.0,-0.0,0.0,0.594038433276972
27980.0,Call,19.0,31.0,-1663162.9143786537,-22.255678456114097,-5112851.24093369,-150375.7115196117,0.485943446355495
27540.0,Put,6.0,7.0,-408416.75445859134,37.21098285725019,1016637.4298652856,284650.3937512912,0.547878011716941
27490.0,Call,0.0,0.0,-0.0,0.0,-0.0,0.0,0.537342534533634
27875.0,Put,34.0,18.0,-2869867.3526155553,39.31485642829876,8745710.352013703,274493.76448200294,0.501993348083458
28400.0,Call,84.0,246.0,-6478896.299454432,-911.3603096129431,-10939594.854357915,-5388280.746286832,0.423361800403631
28275.0,Call,78.0,90.0,-6608916.031774935,-655.3496382746923,-13351287.39402333,-4045834.2827335843,0.442142338120691
29130.0,Put,0.0,0.0,-0.0,-0.0,0.0,-0.0,0.496568057224427
29130.0,Call,11.0,0.0,-264734.5733773239,-80.35523022216013,-340789.39876043855,-557347.1150230056,0.496568057224605
29140.0,Put,0.0,0.0,-0.0,-0.0,0.0,-0.0,0.498723244677859
27730.0,Call,3.0,8.0,-240592.3447987534,12.072416781339088,-1032104.3141326576,85885.28268192035,0.50844010743426
27740.0,Put,3.0,5.0,-235563.02148649385,10.892779059533527,656987.7003420943,79384.36397585612,0.522298950748187
27940.0,Call,4.0,6.0,-351444.12495029444,-0.997688741146485,-1126482.943119062,-6599.850074653688,0.484626602520691
27960.0,Call,15.0,50.0,-1305218.615192098,-10.561654961917629,-4131390.3424209123,-71622.59726428847,0.489290840949313
28425.0,Call,29.0,52.0,-2180454.463068491,-326.39257795782544,-3541095.344859695,-1908778.784971238,0.418751596100103
28900.0,Put,20.0,2.0,-662135.9220128518,-185.23011646658455,10383381.87182875,-1130554.0215508076,0.436378930925152
28725.0,Put,9.0,0.0,-404188.2711009981,-100.86636788290065,4550873.222635867,-566323.6146588392,0.401486319885841
27500.0,Call,5.0,5.0,-329054.82816854876,32.78917446107776,-1990431.4891938884,253512.83638925996,0.552882594684407
27875.0,Call,14.0,23.0,-1181710.0863711229,16.188470294005747,-4220463.6184554305,114098.30152303285,0.501993348083453
27675.0,Put,14.0,6.0,-1056749.9488866688,64.87014951361367,2824811.959886916,479536.436650626,0.529612004691531
27800.0,Call,19.0,32.0,-1552274.3126466707,50.047592454867846,-6144069.395847309,358096.70065855427,0.511005976098836
26900.0,Call,0.0,0.0,-0.0,0.0,-0.0,0.0,0.607078568685071
27425.0,Put,24.0,43.0,-1477456.9365830529,170.51115560523257,3477274.82661812,1337329.6343734092,0.561656939908191
26650.0,Call,0.0,0.0,-0.0,0.0,-0.0,0.0,0.643129300475572
28175.0,Put,24.0,4.0,-2113084.456498851,-144.6097204634697,8495616.690923728,-922839.4253206414,0.456258974541104
28250.0,Call,129.0,179.0,-11073202.568928167,-1011.7115919818227,-23148731.301650427,-6291089.547530854,0.445367775730864
27750.0,Call,16.0,46.0,-1263629.7247112994,55.45987862724006,-5391660.696695148,404403.81497699977,0.5210425922054
26950.0,Call,0.0,0.0,-0.0,0.0,-0.0,0.0,0.598796702381354
28050.0,Put,38.0,32.0,-3364698.713862761,-108.91554602056584,11863017.504753318,-725350.7804939129,0.475680035363828
27500.0,Put,374.0,511.0,-24613301.14700722,2452.630249688562,60065209.43061482,18934136.944817513,0.552882594684414
28750.0,Call,35.0,54.0,-1499037.2882650977,-382.25078509837647,-1762695.629053521,-2163314.8444380853,0.40518243789056
28900.0,Call,105.0,96.0,-3476213.5905663287,-972.4581114495123,-4149533.6925303126,-5927372.683205569,0.436378930925032
29275.0,Put,0.0,0.0,-0.0,-0.0,0.0,-0.0,0.521173809432089
29275.0,Call,8.0,0.0,-154187.48555094874,-49.88543717748888,-199340.06537255523,-363155.74113661185,0.521173809431351
27600.0,Put,90.0,175.0,-6446285.528451488,505.31222448189976,16472026.109672178,3795996.1308411704,0.538089890029368
28500.0,Call,247.0,1251.0,-16859781.07716415,-2977.344621278698,-24627560.818642914,-16970662.411332477,0.408118996784113
29175.0,Put,4.0,0.0,-90252.36746911754,-27.88648431614191,2117828.752927681,-197337.95306954577,0.505834804732558
28775.0,Call,15.0,36.0,-611214.5692372065,-159.54115823027655,-712735.300698573,-908718.2995660459,0.407787574890077
27375.0,Put,36.0,58.0,-2116616.6431505447,266.76626619483403,4851862.137786587,2108308.6431597457,0.565940747392942
26600.0,Put,27.0,68.0,-617809.0994653817,162.86456932222112,1127061.6112612705,1497775.1548056346,0.658408711743446
28725.0,Call,23.0,42.0,-1032925.5817024094,-257.7696068118686,-1219825.2813737788,-1445511.2083645784,0.401486319885767
28775.0,Put,7.0,0.0,-285233.46564391174,-74.45254050746487,3578209.4276500177,-424604.26845958957,0.407787574889892
28825.0,Call,49.0,50.0,-1808331.3332293227,-492.6161690118672,-2081000.044096732,-2846093.6466483306,0.413632654513312
27200.0,Call,2.0,3.0,-98228.92053460439,15.99662639727584,-911566.9814392072,129400.37256529422,0.578520325565472
27775.0,Call,15.0,16.0,-1203732.3272769894,45.812520267783896,-4953007.539678613,331378.9859385254,0.516751151461962
27625.0,Put,28.0,16.0,-2039605.0839984738,148.1676684286917,5299515.8137187045,1108999.6378956789,0.536158201828125
29300.0,Call,85.0,0.0,-1565758.0605395257,-513.6598615086515,-2012828.5125761041,-3754880.3896212215,0.523339076231756
28700.0,Call,188.0,269.0,-8839976.714072598,-2161.6115426179417,-10450758.699830644,-11983906.634517265,0.396920418616093
27925.0,Put,21.0,21.0,-1812060.1649470439,1.8554292122678848,5719831.153918246,12000.673721325333,0.49324237291366
28025.0,Put,14.0,24.0,-1235297.1084946757,-31.484864356583998,4256278.627030769,-211533.94631238235,0.479634419078224
28200.0,Call,56.0,137.0,-4905754.528019318,-373.30379435400573,-10982799.015065359,-2354451.610834919,0.451788931301285
27100.0,Call,0.0,0.0,-0.0,0.0,-0.0,0.0,0.58547014712321
28025.0,Call,85.0,183.0,-7500018.15871789,-191.15810502212722,-21646827.613683898,-1277807.9688546686,0.47963441907821
28075.0,Put,11.0,5.0,-976149.9227840035,-38.42756638846642,3524828.4358164817,-253673.50607888406,0.471667099338349
28075.0,Call,26.0,35.0,-2344854.9898927757,-93.69265921630559,-6174201.720020316,-606172.6813196233,0.463796141545574
27000.0,Put,252.0,482.0,-9698337.449609084,1980.0563152082314,18474004.52809895,16330532.320130996,0.590501345491429
29000.0,Put,19.0,3.0,-547243.0676680924,-158.4859593213813,9934988.464258848,-1030037.1564786242,0.464642247039373
28975.0,Call,24.0,3.0,-715484.4779961706,-205.42068938925397,-881122.3662363077,-1313644.9785725987,0.457830294664979
27650.0,Put,50.0,55.0,-3707853.881763714,248.51393328499728,9773670.121153092,1849201.7759529357,0.533063172051719
27550.0,Call,5.0,7.0,-343242.26378993626,30.54507141242854,-1935090.5165947303,233415.42783897862,0.546418906274644
28800.0,Put,26.0,0.0,-1004072.6346951968,-268.96695385183824,13371013.552665986,-1538454.1624605746,0.408977169391719
29050.0,Put,5.0,0.0,-134455.58584544683,-39.629346213788445,2623635.888109848,-264795.4542787836,0.477677245188771
27425.0,Call,1.0,1.0,-61560.70569095896,7.104631483550856,-413802.0109826641,55798.60076493047,0.561656939908215
27675.0,Call,6.0,7.0,-452892.8352371347,27.801492648690342,-2141497.0754561415,205974.81170364644,0.529612004691543
27725.0,Put,55.0,137.0,-4283974.5923797,213.35205991440492,11820117.757528068,1559140.9252515596,0.523684977128885
27725.0,Call,11.0,12.0,-856794.9184759445,42.67041198288149,-3781549.5315037197,312670.0443767534,0.523684977128882
27375.0,Call,0.0,0.0,-0.0,0.0,-0.0,0.0,0.565940747392955
27200.0,Put,75.0,182.0,-3683584.5200476395,599.8734898978204,7717872.85291183,4846774.021245495,0.57852032556549
27400.0,Call,0.0,0.0,-0.0,0.0,-0.0,0.0,0.564146557911333
26900.0,Put,100.0,133.0,-3382767.3543235636,745.2460933622356,6345834.904106773,6319083.19300304,0.607078568685105
26950.0,Put,72.0,85.0,-2598440.2434561662,551.7400981798324,4910333.55625967,4614448.983457881,0.598796702381414
28850.0,Put,12.0,0.0,-426893.37675507355,-117.33725480413312,6206661.747788451,-691488.5332017991,0.421352461606457
28400.0,Put,13.0,0.0,-1002686.3320584228,-141.04385744009784,5569917.470208877,-834895.5163457664,0.423361800403632
28350.0,Call,99.0,140.0,-7977496.620502542,-984.8432417660514,-14506418.772088423,-5935450.83631151,0.431581456469396
27000.0,Call,1.0,1.0,-38485.46606987706,7.857366330191585,-485378.92031359073,64880.23234909908,0.590501345491411
28300.0,Call,109.0,390.0,-9089705.725636827,-971.9689537585606,-17777806.328663055,-5964812.076589705,0.439493490250644
28150.0,Call,42.0,47.0,-3712767.5478740176,-226.36230300163905,-8953762.607240077,-1454346.2285745798,0.460320817188281
27525.0,Call,3.0,3.0,-201675.2199958528,19.023134141440398,-1177809.4957845814,146254.8780927847,0.549768334582399
29075.0,Put,2.0,0.0,-51964.02935914619,-15.453685785531341,1051294.8976278482,-104598.73816186961,0.483867897453392
28550.0,Put,31.0,3.0,-1954533.2725839477,-379.17753969199117,14631263.185802793,-2140608.824267134,0.403755709658232
29250.0,Put,98.0,0.0,-1970279.9690493797,-629.4149604679561,52195994.97839748,-4563494.363231772,0.518215337057962
28375.0,Call,14.0,57.0,-1104559.817903364,-145.63327970605098,-1938398.5557406258,-870270.9210232415,0.427914624185527
28825.0,Put,20.0,0.0,-738094.421726617,-201.06782408648525,10324381.468733383,-1163201.5295043704,0.4136326545135
26550.0,Call,0.0,0.0,-0.0,0.0,-0.0,0.0,0.672562550731478
28700.0,Put,15.0,2.0,-705317.2910164413,-172.4690060599409,7546489.80107068,-957310.7533829495,0.396920418616102
27600.0,Call,21.0,58.0,-1504133.2899720073,117.90618571244202,-7888984.945003383,887339.6165164415,0.538089890029371
28450.0,Put,30.0,3.0,-2191178.30652183,-347.72464501781946,13331563.151480705,-2016291.4355117609,0.414720107115076
28975.0,Put,10.0,0.0,-298118.5324983645,-85.59195391218631,5219750.301652554,-548117.4010655748,0.457830294664932
29025.0,Put,0.0,1.0,-0.0,-0.0,0.0,-0.0,0.47126336178594
29150.0,Put,18.0,0.0,-421074.6351547879,-128.80573179177955,9512569.804906325,-902440.5604285822,0.500825755480089
28350.0,Put,43.0,13.0,-3464973.2796121645,-427.7601959185711,17722836.12045248,-2581315.0052598347,0.431581456469407
28800.0,Call,70.0,165.0,-2703272.478024605,-724.1417988318652,-3109309.7046271777,-4136634.6892311587,0.408977169391581
28600.0,Call,50.0,129.0,-2881482.839964387,-609.8377755660242,-3736862.086433915,-3403781.163247672,0.399616501610166
28250.0,Put,45.0,18.0,-3862745.082184156,-352.92264836573423,17065841.96797182,-2198010.091203445,0.445367775730877
28050.0,Call,26.0,43.0,-2302162.277906171,-74.52116306670727,-6409098.563764969,-494302.78996828274,0.475680035363813
28950.0,Put,11.0,0.0,-339486.1503418627,-96.63108661770201,5731563.910333296,-609346.5755923782,0.45083576017731
27950.0,Call,23.0,58.0,-1995557.0267203422,-10.921707930566445,-6406851.587916205,-73999.09442994156,0.490780384677605
28575.0,Put,4.0,0.0,-241294.7624522299,-49.11499757766465,1914463.724458655,-274793.1938378811,0.400136311323161
27150.0,Put,82.0,172.0,-3804344.4070722978,659.9347912519759,7763204.902486324,5354934.489842375,0.580992027984271
28550.0,Call,91.0,201.0,-5737500.896939959,-1113.0695519991218,-7890812.956541082,-6276758.205077733,0.403755709658212
27475.0,Call,1.0,1.0,-64362.03298001437,6.748285681589778,-403366.8256912889,52498.26186192134,0.55632030961038
27250.0,Put,88.0,215.0,-4567772.67796857,697.8304280185669,9779976.20243365,5592384.297850419,0.573828256071522
28425.0,Put,4.0,0.0,-300752.3397335928,-45.01966592522152,1746326.904248487,-263585.9630739922,0.418751596100074
28275.0,Put,20.0,16.0,-1694593.8543012901,-168.03836878838842,7750362.217726642,-1038924.0591499384,0.442142338120682
29125.0,Put,6.0,0.0,-145421.09265078593,-44.05564917644007,3165104.4393580197,-305356.0463314179,0.495471434327759
26750.0,Put,50.0,109.0,-1380396.6633122729,338.87462248872,2503523.9420436337,2962378.5735541205,0.625867762082796
26650.0,Put,65.0,104.0,-1572112.3168422424,408.0878415167167,2829699.419570827,3665854.5985710393,0.643129300475699
28125.0,Put,12.0,1.0,-1061812.159265565,-56.865631951810315,4043688.1469506305,-369980.58090170403,0.465060173717464
28925.0,Put,4.0,0.0,-127835.01359313932,-36.07391286870304,2080472.4261244773,-223863.4019918315,0.443677494311936
28525.0,Put,14.0,2.0,-919728.1439316384,-170.8698931054717,6523939.439538595,-967003.6172956951,0.404754600102078
27250.0,Call,0.0,0.0,-0.0,0.0,-0.0,0.0,0.573828256071551
27575.0,Put,61.0,34.0,-4275500.327915293,357.62671565323166,10818285.024227219,2709958.9980279757,0.542751451668976
27050.0,Call,0.0,0.0,-0.0,0.0,-0.0,0.0,0.590632686026011
27050.0,Put,66.0,140.0,-2711468.863165194,523.057803086712,5326117.869212681,4314822.518176924,0.590632686026042
28000.0,Put,260.0,163.0,-22884199.181169726,-428.9730965968095,76960285.00488682,-2901542.210944252,0.482446086734454
27825.0,Put,26.0,25.0,-2151957.6478229756,56.30385996644484,6304166.146803815,398229.46577128774,0.507419078297819
27650.0,Call,9.0,22.0,-667413.698717461,44.73250799129837,-3268935.5370182497,333545.11366588407,0.533063172051726
27800.0,Put,53.0,117.0,-4330028.345803985,139.60644211095524,12471768.597183745,994845.0915895636,0.511005976098822
28750.0,Put,64.0,2.0,-2741096.7556832405,-698.9728641799636,32532846.709322743,-3960673.806168265,0.405182437890289
29100.0,Call,59.0,12.0,-1480815.2002513164,-444.42764067465737,-1894633.9677522243,-3040602.155287236,0.489808596101899
26700.0,Call,0.0,0.0,-0.0,0.0,-0.0,0.0,0.634169682027088
28175.0,Call,29.0,27.0,-2553310.3849361064,-174.7367455600252,-5936428.56579479,-1112878.1916139475,0.456258974541105
27900.0,Put,203.0,374.0,-17326595.07749834,128.38207182350916,53740613.009870276,885425.4677960515,0.497822325674689
27975.0,Call,23.0,43.0,-2010725.0398655115,-24.236536002262717,-6225749.334296197,-163930.444230311,0.486713517968354
26550.0,Put,36.0,74.0,-778944.0607286618,208.7136224305272,1436221.7268344336,1960690.769803976,0.672562550731496
26800.0,Call,0.0,0.0,-0.0,0.0,-0.0,0.0,0.616952925377653
27950.0,Put,43.0,121.0,-3730824.0064773364,-20.418845261494862,12045576.988189192,-141637.03770439274,0.490780384677582
28225.0,Put,8.0,5.0,-694276.1338150861,-58.08656360916803,2967233.088764301,-364454.88631819084,0.448656803418085
27700.0,Call,22.0,68.0,-1690771.003046881,94.26237655306818,-7711979.405043657,693084.0470860084,0.525552170845972
27350.0,Put,178.0,240.0,-10234220.966175368,1348.396796084366,23053175.38742691,10661442.393217307,0.566184101480674
27300.0,Put,103.0,194.0,-5631873.512749806,800.6800847676757,12380268.615470221,6380346.007932684,0.57059954824607
28225.0,Call,36.0,44.0,-3124242.602167814,-261.3895362412428,-6760235.7358639985,-1637291.812454384,0.448656803418098
29225.0,Put,2.0,0.0,-41850.2702586309,-13.212692899567614,1063031.012122761,-95125.9665639525,0.514604052939114
26800.0,Put,102.0,188.0,-3007604.5099439933,716.6883492828213,5475395.296497276,6175879.795475744,0.616952925377702
27900.0,Call,39.0,72.0,-3328754.7193223806,24.664535966093677,-11464298.753672425,173091.14463588723,0.497822325674683
29025.0,Call,85.0,1.0,-2365550.413397533,-691.0914798611591,-2964636.9972649594,-4549143.644605002,0.47126336178632
27525.0,Put,28.0,44.0,-1882302.053294581,177.54925198676665,4650388.311246532,1362902.6142168362,0.549768334582417
29125.0,Call,16.0,0.0,-387789.58040199714,-117.48173113716231,-498736.88851313345,-813058.2675602661,0.495471434327679
29200.0,Call,54.0,2.0,-1174086.4494793336,-366.5980902638193,-1523939.3040182104,-2613831.4057685994,0.510449584211824
27450.0,Put,50.0,81.0,-3148755.891267385,346.9257207555951,7500529.955558558,2707329.786590112,0.558856425074192
28675.0,Call,22.0,47.0,-1089049.2838739622,-258.4404482967401,-1307701.489762003,-1428848.44090304,0.395832018359487
28650.0,Put,14.0,0.0,-732049.7643444289,-166.81035132040208,6914602.075786549,-929711.47881004,0.398577978663374
28600.0,Put,22.0,2.0,-1267852.449584397,-268.3286212490101,10646926.847987115,-1499347.430481939,0.399616501610249
28200.0,Put,115.0,19.0,-10074317.334325274,-766.6060062626724,41695210.87747131,-4843835.814559113,0.451788931301291
27580.0,Put,12.0,1.0,-844713.4008646442,69.76790435278059,2141733.2778429943,527805.8099081168,0.541864408874146
27110.0,Put,23.0,23.0,-1017399.9095629519,184.7777577774224,2038807.072801957,1506847.6120551142,0.583889849314485
27080.0,Put,5.0,5.0,-213217.97087118262,39.874133950022504,423894.26605705207,327524.34158165526,0.588112087647529
27280.0,Call,0.0,0.0,-0.0,0.0,-0.0,0.0,0.571672666407029
27680.0,Call,1.0,2.0,-77568.29933449507,4.8118919644377565,-357477.9952390049,34657.77938453014,0.514874748017409
27690.0,Put,12.0,1.0,-915641.792463038,53.11688751099324,2466972.683494872,390852.6771626477,0.527213604914421
27690.0,Call,1.0,14.0,-78067.52587476256,4.656498526325099,-354797.5211921311,33475.650780153446,0.513889041390711
28375.0,Put,8.0,0.0,-631177.038801904,-83.21901697487932,3361851.37916793,-497909.93048444414,0.427914624185551
28310.0,Call,84.0,257.0,-6962627.972303124,-767.2771430219673,-13419187.025517117,-4691329.783341625,0.437869443235766
28310.0,Put,6.0,6.0,-497330.56945022685,-54.80551021585582,2393617.4135850426,-335554.18052064395,0.437869443235761
28290.0,Put,7.0,2.0,-587348.6735339286,-60.93767018079676,2746130.123596736,-375629.508979274,0.440828334890991
28660.0,Put,0.0,0.0,-0.0,-0.0,0.0,-0.0,0.397503561672552
28680.0,Call,48.0,55.0,-2349965.75882159,-561.8703758975294,-2806346.898215863,-3103631.870091372,0.395474654094451
28680.0,Put,0.0,0.0,-0.0,-0.0,0.0,-0.0,0.39547465409454
28640.0,Call,33.0,27.0,-1761263.478998955,-395.22331036886396,-2205544.4627558165,-2203558.803333538,0.399183361768225
28660.0,Call,16.0,25.0,-818847.6093326752,-189.6575875404891,-1002018.4437299588,-1052989.0159704161,0.397503561672577
28670.0,Put,0.0,0.0,-0.0,-0.0,0.0,-0.0,0.396196454762166
29225.0,Call,12.0,0.0,-251101.62155194185,-79.27615739742797,-326075.47236491705,-569837.4073915938,0.514604052939293
29020.0,Call,1.0,0.0,-28021.656105925147,-8.172140263958719,-35061.24614709383,-53644.16344522917,0.469955074313165
28930.0,Call,11.0,0.0,-349090.6955718746,-98.68100817889706,-422208.74121776957,-613535.664687382,0.445120883173046
28930.0,Put,0.0,0.0,-0.0,-0.0,0.0,-0.0,0.445120883172369
29290.0,Put,0.0,0.0,-0.0,-0.0,0.0,-0.0,0.522577774657782
29290.0,Call,0.0,0.0,-0.0,-0.0,-0.0,-0.0,0.522577774657911
29330.0,Call,7.0,13.0,-121506.49132255667,-40.605544231894584,-154558.70107440843,-297617.13592585985,0.524728059318457
28150.0,Put,38.0,14.0,-3359170.63855263,-204.80398843004787,13129138.24817428,-1318745.305257929,0.460320817188289
28100.0,Call,61.0,176.0,-5397980.968680875,-250.03414379186214,-14037463.998902641,-1637635.6823175799,0.469416582692509
27700.0,Put,105.0,194.0,-8069588.878178505,449.888615366942,21855114.08647141,3299865.2038854826,0.525552170845957
29200.0,Put,8.0,0.0,-173938.73325585562,-54.31082818718633,4243738.9109544605,-387846.5436636403,0.510449584211245
27850.0,Put,60.0,119.0,-5020602.630496405,100.29776886028532,14986839.945157662,704653.5381516517,0.504404123699253
27400.0,Put,117.0,188.0,-7038844.710399056,849.3152364906247,16360763.894973436,6690901.14693471,0.56414655791132
26920.0,Call,0.0,0.0,-0.0,0.0,-0.0,0.0,0.594126838932748
26925.0,Put,21.0,21.0,-733980.8043234498,158.6737926877781,1383426.350510098,1337225.183566284,0.603381074825719
26920.0,Put,4.0,6.0,-138903.3883591357,30.13972603936939,261608.32353016286,254345.86720698315,0.604195335522755
27330.0,Put,1.0,1.0,-56397.17196066561,7.675444356953198,125586.61083063777,60809.508638397194,0.56731153238962
27640.0,Call,1.0,1.0,-73619.92343655812,5.099010273639729,-365695.3251934905,38116.97812660098,0.534431718153572
27610.0,Put,4.0,4.0,-288469.543049236,21.95119060762249,742024.7816717055,164660.60849386235,0.537316831049224
27775.0,Put,35.0,126.0,-2808708.76364636,106.89588062483338,7997078.580628043,770538.9905451767,0.516751151461952
27300.0,Call,1.0,1.0,-54678.38361893139,7.7735930559974795,-438491.679417296,62021.63953917435,0.570599548246038
29110.0,Call,5.0,0.0,-123757.40411964477,-37.28097937000074,-158688.32614475276,-256259.9278745953,0.492108676463838
28430.0,Put,0.0,0.0,-0.0,-0.0,0.0,-0.0,0.417570018169777
28480.0,Put,0.0,0.0,-0.0,-0.0,0.0,-0.0,0.412097576263112
28440.0,Call,13.0,15.0,-961689.5832441249,-149.47824210621,-1522129.6131746958,-867052.6538023433,0.415339001086038
28430.0,Call,18.0,11.0,-1346315.6987271956,-204.11463487668797,-2167466.0499327597,-1190321.6692741623,0.417570018169731
27620.0,Put,3.0,5.0,-217786.83829072994,16.06990631456643,564057.2248661052,120381.93475363318,0.536608362538027
26750.0,Call,0.0,0.0,-0.0,0.0,-0.0,0.0,0.625867762082707
26850.0,Put,33.0,52.0,-1042242.3768800778,239.365658591429,1921539.299911242,2043527.7574154143,0.611231083864182
29000.0,Call,227.0,238.0,-6538114.545301389,-1893.4901455767908,-8125313.453430701,-12288860.48063944,0.464642247039565
29100.0,Put,19.0,0.0,-476872.69160562556,-143.1207656409136,10004944.417248877,-980631.085915235,0.489808596101407
29325.0,Call,20.0,3.0,-350692.2914944894,-116.82952935807657,-446928.3800646221,-855988.8625935734,0.524538469017911
27010.0,Call,0.0,0.0,-0.0,0.0,-0.0,0.0,0.590741932649075
27020.0,Put,15.0,15.0,-592923.3565978681,118.26643961896714,1144988.3106332135,976409.6720398078,0.591113808655578
27100.0,Put,61.0,142.0,-2665683.3990418212,488.79956710927365,5329932.33421038,3996919.9028580794,0.585470147123231
27550.0,Put,53.0,101.0,-3638367.9961731974,323.77775697171546,9098529.014959222,2470147.303792962,0.546418906274669
27560.0,Put,5.0,6.0,-346073.17949728726,30.052843960763134,869720.9558143829,228709.25782079913,0.54507358939412
27710.0,Put,3.0,3.0,-231915.94296801646,12.384566840555538,632435.7850657236,90666.63344346787,0.524580629755688
28030.0,Call,11.0,72.0,-971044.7717086092,-26.070450393438417,-2783591.633582946,-174065.0790011535,0.47900964281819
28040.0,Put,3.0,5.0,-265169.4924854684,-7.846623252174005,926669.2496294185,-52467.41448865677,0.477513487308826
28040.0,Call,4.0,13.0,-353559.3233139622,-10.462164336232245,-999194.848861136,-69650.42198738322,0.47751348730882
28170.0,Put,1.0,0.0,-88104.1206905387,-5.895264594884491,352261.96322693746,-37700.54639031453,0.457213351975327
28575.0,Call,59.0,111.0,-3559097.7461703764,-724.4462142705685,-4724279.327648314,-4048684.181812369,0.400136311323151
28580.0,Put,1.0,2.0,-59784.38582935173,-12.265579558054307,479701.28096820065,-68607.52931194061,0.400035316976949
28590.0,Put,0.0,0.0,-0.0,-0.0,0.0,-0.0,0.400011996427288
27380.0,Call,0.0,0.0,-0.0,0.0,-0.0,0.0,0.565700626616409
27370.0,Put,3.0,2.0,-175590.4124373288,22.325927698805966,401218.1227127211,176502.6573256267,0.566119018686036
27360.0,Call,0.0,0.0,-0.0,0.0,-0.0,0.0,0.566284277766698
27920.0,Call,5.0,8.0,-437580.1008203491,1.0618007359836028,-1439505.460753188,7408.776334071537,0.4862038899649
27910.0,Put,8.0,13.0,-686384.0785967198,3.3466484487216834,2142133.337606574,22877.400838389945,0.495635666671081
27890.0,Call,2.0,2.0,-173610.29029346423,1.78046828136802,-594460.2223783503,12242.811798288825,0.488966802452999
27890.0,Put,1.0,0.0,-84946.70110972959,0.8435900070084317,261718.49869159053,5852.849208202316,0.499710963250201
28030.0,Put,4.0,7.0,-353107.18971221644,-9.480163779431901,1222538.7088823197,-63602.52302821491,0.479009642818197
28010.0,Call,7.0,32.0,-617046.4127631629,-13.229257051825535,-1816344.347955051,-88667.46806811754,0.481145731879118
28000.0,Call,138.0,339.0,-12358775.80294925,-234.73324426776662,-36196859.475994006,-1549577.3279516506,0.474085774227368
27980.0,Put,15.0,28.0,-1313023.3534568269,-17.57027246535312,4343865.425376076,-119865.65697976635,0.485943446355497
28780.0,Call,5.0,12.0,-201637.03763722634,-52.89282886238869,-234597.5847942019,-301538.104228943,0.40815252198038
28720.0,Put,0.0,0.0,-0.0,-0.0,0.0,-0.0,0.400637428174981
28625.0,Call,25.0,70.0,-1374024.7878380907,-301.7450016960524,-1743261.0359377093,-1683093.9130584737,0.399356424757637
28625.0,Put,0.0,0.0,-0.0,-0.0,0.0,-0.0,0.39935642475763
29160.0,Call,0.0,0.0,-0.0,-0.0,-0.0,-0.0,0.502873153564046
28530.0,Call,10.0,10.0,-651675.2007840828,-122.09766249499594,-915258.7690660118,-690122.5364167284,0.404695662631456
28820.0,Put,0.0,0.0,-0.0,-0.0,0.0,-0.0,0.412073722033825
28820.0,Call,6.0,6.0,-223076.12872528995,-60.659576885608345,-256037.2769161343,-349140.2149206793,0.41207372203372
28830.0,Put,0.0,0.0,-0.0,-0.0,0.0,-0.0,0.415187094149169
28840.0,Put,0.0,0.0,-0.0,-0.0,0.0,-0.0,0.418280870031472
27360.0,Put,17.0,30.0,-986139.3007779679,127.62498045185899,2237957.2382142236,1009270.31022389,0.566284277766697
27710.0,Call,0.0,0.0,-0.0,0.0,-0.0,0.0,0.524580629755679
27750.0,Put,69.0,88.0,-5449403.187817586,239.17072657998312,15297967.129833352,1738710.6981315927,0.521042592205389
27870.0,Put,14.0,16.0,-1179447.3224819293,17.637333440114745,3580287.381084233,123341.34375452834,0.502608739553025
27925.0,Call,14.0,27.0,-1208040.1099646958,1.2369528081785899,-4008417.7000057697,9071.906472109758,0.49324237291366
27930.0,Call,6.0,13.0,-526015.2363809696,-0.10719008164918879,-1708596.3629865795,-493.0126676085521,0.485568613250852
28480.0,Call,7.0,39.0,-491275.52253538626,-82.94258335947521,-741268.162768973,-477369.26140624995,0.412097576263144
28340.0,Call,16.0,15.0,-1299328.0771381143,-156.08706758330985,-2396658.135869719,-943921.0138548451,0.43306247844857
28190.0,Put,0.0,0.0,-0.0,-0.0,0.0,-0.0,0.453694911567161
27340.0,Call,0.0,0.0,-0.0,0.0,-0.0,0.0,0.552524565041199
27960.0,Put,5.0,13.0,-435072.871730694,-3.5205516539724817,1416312.1963184816,-24256.862418295863,0.489290840949319
27150.0,Call,0.0,0.0,-0.0,0.0,-0.0,0.0,0.568007543182455
27110.0,Call,0.0,0.0,-0.0,0.0,-0.0,0.0,0.583889849314499
29110.0,Put,0.0,0.0,-0.0,-0.0,0.0,-0.0,0.492108676463907
27220.0,Call,0.0,0.0,-0.0,0.0,-0.0,0.0,0.57654352867671
27225.0,Put,12.0,8.0,-606084.2441777348,95.67306408263767,1283254.5105679822,769745.8977244346,0.576086456942556
27225.0,Call,0.0,0.0,-0.0,0.0,-0.0,0.0,0.576086456942568
29260.0,Call,0.0,0.0,-0.0,-0.0,-0.0,-0.0,0.519484209485755
29270.0,Call,1.0,0.0,-19441.08326127731,-6.273430086774003,-25154.979805644416,-45622.54787481804,0.520640646780693
27040.0,Put,32.0,38.0,-1298092.24366058,253.13833717677744,2536940.407952084,2089641.6400557957,0.591040047050483
27075.0,Put,4.0,3.0,-169527.7519534161,31.863615342939056,336461.5455078025,261969.5804448122,0.588657948951261
27340.0,Put,3.0,3.0,-170924.46148636445,22.916136613414103,382241.5950813211,181185.64249728987,0.566159325596327
28325.0,Call,20.0,26.0,-1641639.474997066,-189.02676208612806,-3095024.604237429,-1149365.8170014455,0.435437622644278
28500.0,Put,60.0,3.0,-4095493.379068158,-723.2416084076981,27538904.28777756,-4127020.076075503,0.408118996784155
27625.0,Call,6.0,13.0,-437058.2322853906,31.750214663291647,-2216520.241039397,238101.97554531592,0.53615820182812
29175.0,Call,12.0,0.0,-270757.10240754735,-83.65945294845059,-350775.28631855064,-591095.4672165867,0.505834804732775
28100.0,Put,53.0,17.0,-4690049.03836213,-217.24278067162302,17414003.377062514,-1426920.020854752,0.469416582692503
28925.0,Call,20.0,0.0,-639175.067965734,-180.36956434351734,-771407.111212865,-1117786.3566384243,0.443677494311957
27520.0,Call,0.0,0.0,-0.0,0.0,-0.0,0.0,0.533551788453875
26925.0,Call,0.0,0.0,-0.0,0.0,-0.0,0.0,0.603381074825768
26930.0,Call,0.0,0.0,-0.0,0.0,-0.0,0.0,0.592727078409415
26930.0,Put,10.0,13.0,-351776.606014195,75.77006995521725,663489.4732026361,637653.5375464385,0.602531532672173
27840.0,Put,5.0,0.0,-416856.75381557026,9.369552015300181,1234128.330207978,65967.5613515203,0.505305430970564
27860.0,Put,10.0,25.0,-839490.4670256848,14.661210006398296,2527553.567175634,102797.8719628744,0.503622847039722
28080.0,Put,3.0,1.0,-266014.6775192121,-10.83737511527012,966141.1443058657,-71494.0413863308,0.471380743462407
26970.0,Call,0.0,0.0,-0.0,0.0,-0.0,0.0,0.594766206474405
26960.0,Put,6.0,8.0,-219302.43172587198,46.24268413037776,414626.84306003817,385417.97725813556,0.596738043478459
26960.0,Call,0.0,0.0,-0.0,0.0,-0.0,0.0,0.596738043478467
26975.0,Put,16.0,23.0,-596160.1798216054,124.29697261725578,1129176.925841986,1031286.0995762987,0.59403843327695
27060.0,Put,9.0,13.0,-374409.804609848,71.46602271412014,738779.1017583454,588906.1827493707,0.589999880482632
27040.0,Call,0.0,0.0,-0.0,0.0,-0.0,0.0,0.591040047050483
27060.0,Call,0.0,0.0,-0.0,0.0,-0.0,0.0,0.589999880482626
27090.0,Put,4.0,10.0,-172678.28462818533,31.97378828206986,344353.0078647734,262080.54904906946,0.586880463548506
27080.0,Call,0.0,0.0,-0.0,0.0,-0.0,0.0,0.588112087647518
27090.0,Call,0.0,0.0,-0.0,0.0,-0.0,0.0,0.573978271709912
27175.0,Call,0.0,0.0,-0.0,0.0,-0.0,0.0,0.580485926315122
27180.0,Put,2.0,3.0,-96028.16388045518,16.027050254996347,199418.39958777925,129870.76912350906,0.580202975965579
27260.0,Put,5.0,5.0,-262382.05395611067,39.56721939647157,563972.0384237996,316447.9297598899,0.572668820620752
27240.0,Call,0.0,0.0,-0.0,0.0,-0.0,0.0,0.57487865434858
27260.0,Call,0.0,0.0,-0.0,0.0,-0.0,0.0,0.572668820620771
27240.0,Put,5.0,0.0,-256708.86318790147,39.73042568258261,547371.2217718844,318982.25842269976,0.574878654348571
28070.0,Call,7.0,18.0,-621614.943381669,-23.617204415291365,-1679018.8829485453,-155478.93132037634,0.471971570120822
28090.0,Put,2.0,2.0,-177123.738952563,-7.7067832618492,650574.9421388092,-50748.76205067271,0.470565159540383
27310.0,Put,7.0,7.0,-386690.1639054786,54.174243325589245,854128.9904205403,431026.18916284107,0.569717390289978
27310.0,Call,0.0,0.0,-0.0,0.0,-0.0,0.0,0.569717390289966
27320.0,Put,13.0,13.0,-725583.3685819064,100.18444226653574,1609584.120327071,795554.7028373023,0.568618399626602
27410.0,Put,3.0,3.0,-182172.55297438442,21.600934272859394,425495.26658789377,169858.00145692413,0.563110044423348
27420.0,Put,19.0,21.0,-1164323.9135923665,135.5957269067174,2733509.599688911,1064464.7578001702,0.562171504049216
27410.0,Call,0.0,0.0,-0.0,0.0,-0.0,0.0,0.563110044423374
27530.0,Put,26.0,10.0,-1755047.7407807042,163.6506488443248,4347404.281515431,1254897.6497881676,0.549196074548533
27530.0,Call,0.0,0.0,-0.0,0.0,-0.0,0.0,0.532428010705707
27590.0,Call,0.0,0.0,-0.0,0.0,-0.0,0.0,0.539923910668097
27570.0,Call,0.0,0.0,-0.0,0.0,-0.0,0.0,0.543582375526384
27580.0,Call,0.0,0.0,-0.0,0.0,-0.0,0.0,0.541864408874147
27590.0,Put,3.0,3.0,-213044.85198737518,17.1514437293211,542184.925262446,129286.45494716239,0.539923910668085
27630.0,Call,3.0,3.0,-219288.45723241844,15.68144040590984,-1104524.556660029,117487.55516263298,0.535644993885598
27620.0,Call,0.0,0.0,-0.0,0.0,-0.0,0.0,0.536608362538026
27640.0,Put,0.0,0.0,-0.0,0.0,0.0,0.0,0.534431718153561
27630.0,Put,0.0,0.0,-0.0,0.0,0.0,0.0,0.535644993885602
28110.0,Put,2.0,0.0,-176920.5748581094,-8.699940920283952,663779.5942532748,-56958.58834098048,0.467928878104595
28125.0,Call,16.0,7.0,-1415749.545687389,-75.82084260241047,-3547431.1975339656,-492082.918545623,0.465060173717475
27780.0,Call,3.0,6.0,-241581.58244367866,8.913772554467517,-986526.8261560729,64348.4314920155,0.515696490020668
27790.0,Put,6.0,5.0,-486656.47406106786,16.826976486841204,1395413.074261333,120485.51678177915,0.513390731021818
27790.0,Call,1.0,2.0,-81109.41234350964,2.8044960811400736,-326119.6163815342,20157.452129669342,0.513390731021829
27810.0,Put,3.0,3.0,-246552.5694968486,7.357651187001846,714415.7016763283,52242.73555378804,0.509249140105282
27820.0,Put,3.0,4.0,-247720.03059369963,6.785482928099025,723062.94378475,48057.175760315644,0.508045341547205
27810.0,Call,0.0,0.0,-0.0,0.0,-0.0,0.0,0.509249140105271
27840.0,Call,1.0,2.0,-83371.35076311503,1.873910403060085,-311862.7960501619,13270.044936344219,0.505305430970558
27820.0,Call,3.0,4.0,-247720.03059369963,6.785482928099025,-953002.4424905216,48286.773758435535,0.508045341547205
27830.0,Put,12.0,22.0,-995643.341878152,24.828975082256107,2926988.566306702,175350.26746236207,0.506722704618311
27830.0,Call,12.0,12.0,-995643.3418781192,24.828975082254292,-3777272.9787943736,176268.6594548347,0.506722704618328
27870.0,Call,3.0,10.0,-252738.71196041344,3.7794285943103025,-908860.9474715074,26659.88594551883,0.502608739553025
27880.0,Put,3.0,3.0,-253735.11396066533,3.157513928654267,776162.9675219366,22005.110386491528,0.501305456701285
27860.0,Call,3.0,4.0,-251847.14010770785,4.398363001919588,-917799.316122582,31068.959586982615,0.503622847039717
28010.0,Put,11.0,16.0,-969644.3629135438,-20.788832510011627,3291317.6790799643,-140176.45200491027,0.481145731879117
27990.0,Call,3.0,12.0,-263313.24450692936,-4.2268477408887,-797714.4052091457,-28484.40666765182,0.484266341323691
27990.0,Put,5.0,22.0,-438855.4075115562,-7.044746234814697,1463918.301776878,-47856.674442953416,0.484266341323683
28080.0,Call,6.0,16.0,-532029.3550384211,-21.674750230539992,-1419848.4839388137,-142528.88677642107,0.47138074346241
28130.0,Put,3.0,5.0,-265540.85588496824,-14.617372511985185,1016102.1260979925,-94867.2424837126,0.463916779523139
28130.0,Call,3.0,3.0,-265540.85588497145,-14.617372511985538,-659963.2601772767,-94637.64448559374,0.463916779523133
28090.0,Call,22.0,47.0,-1948361.1284782123,-84.77461588034286,-5134821.802491746,-556552.6639045253,0.470565159540378
28120.0,Call,5.0,2.0,-442330.17080415005,-23.03650614977327,-1117121.0651850263,-149840.25490540743,0.466107403904218
28140.0,Put,6.0,0.0,-531294.8751528474,-30.84196115260978,2052981.4501097193,-199179.13150273426,0.461656559816908
28120.0,Put,1.0,2.0,-88466.0341608265,-4.607301229954291,335264.2490547494,-30044.583647120362,0.466107403904238
28110.0,Call,5.0,8.0,-442301.43714525574,-21.749852300708167,-1133993.3248256114,-142013.80752224624,0.467928878104615
28240.0,Put,0.0,0.0,-0.0,-0.0,0.0,-0.0,0.446678665131297
28240.0,Call,26.0,24.0,-2242143.1235818425,-197.9216691059494,-4752195.269234948,-1234322.8536695968,0.446678665131281
28260.0,Put,5.0,8.0,-427178.747521447,-40.369270749895875,1912962.8779435614,-250602.00108465686,0.443925462467547
28280.0,Put,2.0,0.0,-168895.78595788934,-17.00240137691541,778190.4804697905,-105037.33169569021,0.441797472911934
28260.0,Call,18.0,25.0,-1537843.4910772168,-145.3293746996268,-3169725.9570547957,-900789.6159160496,0.443925462467544
28270.0,Call,15.0,26.0,-1275100.7420789779,-124.5229154254649,-2591270.2686076686,-769338.194473777,0.442485603344926
28270.0,Put,7.0,0.0,-595047.0129701898,-58.11069386521695,2701559.7759587225,-359560.21941670903,0.442485603344926
28280.0,Call,16.0,23.0,-1351166.2876631478,-136.01921101533105,-2713491.5497097345,-839074.1309089017,0.441797472911919
28370.0,Call,5.0,6.0,-396143.19680577604,-51.539858204750075,-700575.1291383716,-308646.9808728866,0.428829473285371
28380.0,Put,2.0,0.0,-157140.00658404035,-20.999481436528203,843844.2055857321,-125337.12077687457,0.42687548744328
28470.0,Call,6.0,9.0,-426788.2686291875,-70.5353276486653,-652844.3170207569,-407243.61272150563,0.413403120494154
28460.0,Call,3.0,11.0,-216246.17524183617,-35.01023804646239,-334813.69063910673,-202554.77541625843,0.41426338194387
28540.0,Call,4.0,4.0,-256445.43265203782,-48.8743800077293,-356673.17114481184,-276065.2816786768,0.404425177280252
28560.0,Call,10.0,9.0,-619748.6271995339,-122.48926551802083,-841381.287829379,-688812.4968063877,0.402630293132955
28560.0,Put,4.0,0.0,-247899.45087981163,-48.99570620721213,1898201.3332353253,-275831.12938671233,0.40263029313292
28470.0,Put,0.0,0.0,-0.0,-0.0,0.0,-0.0,0.413403120494184
28640.0,Put,0.0,0.0,-0.0,-0.0,0.0,-0.0,0.399183361768212
28630.0,Call,6.0,5.0,-326607.0194740991,-72.23080264831131,-412713.7460554971,-402926.0486016288,0.399387652124613
28670.0,Call,11.0,12.0,-550526.869765267,-129.65908979739032,-664716.5974858043,-717509.4834938089,0.396196454762192
28780.0,Put,0.0,0.0,-0.0,-0.0,0.0,-0.0,0.408152521980423
28770.0,Call,5.0,10.0,-205830.48367356896,-53.46684388320995,-240510.7415400262,-304223.4711127157,0.407367141363552
28620.0,Put,0.0,0.0,-0.0,-0.0,0.0,-0.0,0.39924392236736
28630.0,Put,0.0,0.0,-0.0,-0.0,0.0,-0.0,0.399387652124661
28620.0,Call,8.0,14.0,-443881.7903230141,-96.8112065900445,-565257.0572256799,-539847.2109495807,0.399243922367336
28880.0,Put,0.0,0.0,-0.0,-0.0,0.0,-0.0,0.430432327410521
28860.0,Call,34.0,40.0,-1192076.106438144,-328.82389523252925,-1396412.7834566964,-1949244.756529253,0.424401019864132
28870.0,Put,0.0,0.0,-0.0,-0.0,0.0,-0.0,0.427426868807473
28870.0,Call,9.0,0.0,-311020.458565728,-86.09647123627873,-366103.6954223556,-514012.88212592935,0.427426868807475
28770.0,Put,0.0,0.0,-0.0,-0.0,0.0,-0.0,0.407367141363691
28890.0,Put,0.0,0.0,-0.0,-0.0,0.0,-0.0,0.433417330087927
28910.0,Put,0.0,0.0,-0.0,-0.0,0.0,-0.0,0.439316138100952
28880.0,Call,5.0,3.0,-170323.16307579778,-47.31504170025946,-201444.2989912421,-284466.53628991876,0.430432327410684
28910.0,Call,23.0,22.0,-750747.6824545126,-210.7524696625059,-900175.001945273,-1293235.520877473,0.43931613810141
28875.0,Call,16.0,5.0,-548959.5664273209,-152.23080024028923,-647728.504127008,-912048.2705299585,0.428931892956114
28920.0,Put,0.0,0.0,-0.0,-0.0,0.0,-0.0,0.442229260676647
28890.0,Call,0.0,0.0,-0.0,-0.0,-0.0,-0.0,0.433417330087809
29020.0,Put,0.0,0.0,-0.0,-0.0,0.0,-0.0,0.469955074313338
29030.0,Put,0.0,0.0,-0.0,-0.0,0.0,-0.0,0.472563308313975
29120.0,Call,13.0,0.0,-317299.25281109905,-95.94427529810099,-407687.36162341235,-662517.2253245341,0.494362490784419
29120.0,Put,0.0,0.0,-0.0,-0.0,0.0,-0.0,0.494362490783951
29325.0,Put,3.0,0.0,-52603.84372400684,-17.524429403681854,1609026.129265963,-128627.92738674642,0.524538469017125
29230.0,Put,0.0,0.0,-0.0,-0.0,0.0,-0.0,0.515372828755324
29220.0,Call,0.0,0.0,-0.0,-0.0,-0.0,-0.0,0.513813640799514
29230.0,Call,16.0,0.0,-332185.0399372998,-105.11601697369932,-431326.1864600293,-756703.440065771,0.515372828754398
29240.0,Put,0.0,0.0,-0.0,-0.0,0.0,-0.0,0.516842329374858
29240.0,Call,0.0,0.0,-0.0,-0.0,-0.0,-0.0,0.5168423293745
29260.0,Put,0.0,0.0,-0.0,-0.0,0.0,-0.0,0.519484209487994
29270.0,Put,0.0,0.0,-0.0,-0.0,0.0,-0.0,0.52064064678067
29280.0,Put,0.0,0.0,-0.0,-0.0,0.0,-0.0,0.521675215914684
29320.0,Call,0.0,0.0,-0.0,-0.0,-0.0,-0.0,0.524385209448182
29310.0,Put,0.0,0.0,-0.0,-0.0,0.0,-0.0,0.523946333167349
29310.0,Call,0.0,0.0,-0.0,-0.0,-0.0,-0.0,0.523946333166891
29330.0,Put,0.0,0.0,-0.0,-0.0,0.0,-0.0,0.524728059317766
28650.0,Call,39.0,79.0,-2039281.4863878274,-464.685978678323,-2526744.239029033,-2586925.774137828,0.398577978663277
28875.0,Put,8.0,0.0,-274479.7832135738,-76.11540012014102,4145643.444670803,-456636.396593153,0.428931892955997
28950.0,Call,34.0,20.0,-1049320.8283309047,-298.6779040911763,-1279664.7155483612,-1880832.7593701878,0.45083576017782
29075.0,Call,8.0,0.0,-207856.11743583996,-61.8147431420512,-264328.10622064146,-417782.69131764566,0.48386789745222
29250.0,Call,47.0,25.0,-944930.1892383449,-301.8622769591787,-1225584.616429018,-2185017.6082877484,0.518215337058073
28325.0,Put,6.0,1.0,-492491.8424991191,-56.708028625838196,2423623.3912793132,-345268.94109667285,0.435437622644279
28475.0,Call,19.0,70.0,-1342483.852917994,-224.22920034215588,-2039957.184240292,-1292749.2643599105,0.41280675606831
28475.0,Put,26.0,0.0,-1837083.1671509454,-306.8399583629555,11734379.657004287,-1771015.158441133,0.412806756068304
29060.0,Call,7.0,1.0,-185668.90136850218,-54.91939414550274,-235156.9000716795,-368351.5586391151,0.480181638500208
29080.0,Call,11.0,6.0,-283837.4341474164,-84.56408709554451,-361417.3079887803,-572965.2394000597,0.485076942899485
29090.0,Put,0.0,0.0,-0.0,-0.0,0.0,-0.0,0.487464096974267
29040.0,Call,26.0,5.0,-708835.6158394988,-208.18223785702227,-892535.1941205288,-1381636.759617496,0.475137637059588
29070.0,Call,40.0,40.0,-1046466.0191895098,-310.64942610763467,-1329022.862759674,-2094272.9223956831,0.482648844247864
29080.0,Put,0.0,0.0,-0.0,-0.0,0.0,-0.0,0.485076942899492
29040.0,Put,0.0,0.0,-0.0,-0.0,0.0,-0.0,0.475137637060021
29070.0,Put,0.0,0.0,-0.0,-0.0,0.0,-0.0,0.482648844247612
28980.0,Put,0.0,0.0,-0.0,-0.0,0.0,-0.0,0.459207715463922
28960.0,Call,0.0,2.0,-0.0,-0.0,-0.0,-0.0,0.453654323830605
28940.0,Call,0.0,0.0,-0.0,-0.0,-0.0,-0.0,0.447990822343854
28970.0,Put,0.0,0.0,-0.0,-0.0,0.0,-0.0,0.456445481828788
29060.0,Put,0.0,0.0,-0.0,-0.0,0.0,-0.0,0.48018163850036
29010.0,Call,2.0,2.0,-56818.163308451556,-16.51243519302937,-70855.21049089769,-107782.97064108451,0.467314145544795
28960.0,Put,0.0,0.0,-0.0,-0.0,0.0,-0.0,0.453654323830449
28970.0,Call,27.0,3.0,-810500.582444134,-232.2986028182815,-996237.6256561866,-1481032.8696506724,0.456445481828525
28990.0,Call,0.0,0.0,-0.0,-0.0,-0.0,-0.0,0.461940150632661
29010.0,Put,0.0,0.0,-0.0,-0.0,0.0,-0.0,0.467314145544248
28860.0,Put,0.0,0.0,-0.0,-0.0,0.0,-0.0,0.424401019864668
28810.0,Put,0.0,0.0,-0.0,-0.0,0.0,-0.0,0.409496811221333
28760.0,Put,0.0,0.0,-0.0,-0.0,0.0,-0.0,0.406370496486157
28740.0,Call,4.0,5.0,-174639.4761851244,-44.14195713337651,-205797.786533307,-248977.5601954289,0.403820712333031
28760.0,Call,29.0,10.0,-1217977.5812631238,-313.4182388867294,-1428202.5808081299,-1778966.949434724,0.40637049648612
28740.0,Put,0.0,0.0,-0.0,-0.0,0.0,-0.0,0.403820712332817
28730.0,Call,7.0,10.0,-311445.3759870138,-78.04949705852583,-367586.0038470884,-438571.5960189877,0.402300941692637
28580.0,Call,5.0,34.0,-298921.92914675677,-61.327897790273376,-394935.9056177571,-342654.98322950065,0.400035316976934
28690.0,Call,20.0,10.0,-958318.6032003089,-232.23323426855683,-1134658.5649965298,-1282362.9578216474,0.395339334824551
28710.0,Put,2.0,2.0,-92342.38644045155,-22.76188228377773,1008217.3512085014,-126955.0807472432,0.398841179348432
28690.0,Put,2.0,2.0,-95831.8603200146,-23.223323426857746,1003911.067683929,-128389.36111422232,0.395339334824447
28610.0,Call,8.0,8.0,-452328.11579803703,-97.27821555733976,-580440.3878267836,-542210.9568777948,0.399068246545075
28720.0,Call,9.0,12.0,-407958.4255102561,-101.38506308928595,-481993.4355974926,-567340.9856947633,0.400637428174983
28710.0,Call,14.0,17.0,-646396.7050832007,-159.33317598644015,-764117.0108252473,-887614.107906199,0.398841179348467
28730.0,Put,0.0,0.0,-0.0,-0.0,0.0,-0.0,0.402300941692518
28520.0,Call,5.0,3.0,-331102.3247460363,-60.970352741638145,-469586.99994959665,-344837.01766945707,0.404955196520234
28520.0,Put,4.0,0.0,-264881.85979683016,-48.776282193314245,1859084.2484073925,-276175.7447997263,0.404955196520204
28570.0,Put,2.0,0.0,-121757.05130145761,-24.54228204405466,954535.0077634606,-137599.01969583833,0.400975921324688
28440.0,Put,0.0,0.0,-0.0,-0.0,0.0,-0.0,0.415339001086051
28460.0,Put,2.0,0.0,-144164.1168278887,-23.340158697640057,894167.7970907622,-135189.5822762504,0.414263381943892
28510.0,Call,20.0,23.0,-1345239.703228311,-243.09365485136883,-1930417.1389245735,-1377508.911740001,0.40572797560017
28410.0,Put,0.0,0.0,-0.0,-0.0,0.0,-0.0,0.421884857013502
28420.0,Put,0.0,0.0,-0.0,-0.0,0.0,-0.0,0.419912412025352
28420.0,Call,4.0,16.0,-302294.77325907984,-44.675603206938554,-495185.7876018842,-261990.72047954236,0.419912412025346
28410.0,Call,11.0,15.0,-839808.8941769826,-121.04229445421873,-1397888.1200136738,-713154.603709548,0.421884857013521
27280.0,Put,11.0,11.0,-589352.8506467533,86.32876506205324,1281105.098475551,689225.9038197729,0.571672666407026
28380.0,Call,6.0,2.0,-471420.01975211443,-62.99844430958199,-820598.1557933681,-375552.1663343789,0.426875487443292
28390.0,Put,10.0,10.0,-778991.0536902249,-106.9260038494217,4253171.659265487,-634967.8540589919,0.424717857693585
28390.0,Call,48.0,65.0,-3739157.0577129344,-513.2448184771646,-6401822.215930495,-3044172.131513133,0.424717857693619
28320.0,Put,0.0,0.0,-0.0,-0.0,0.0,-0.0,0.436114069571817
28190.0,Call,23.0,24.0,-2018932.3385248543,-147.3738777114412,-4590334.223694891,-933385.6966274814,0.453694911567157
28210.0,Call,53.0,62.0,-4626191.387523168,-365.9505306354569,-10217952.956034772,-2301962.108715073,0.450578620000413
28230.0,Put,0.0,0.0,-0.0,-0.0,0.0,-0.0,0.447883556472151
28220.0,Call,20.0,26.0,-1738887.893193924,-142.80744420766823,-3789387.1363447397,-895952.9016033047,0.449383039295464
28220.0,Put,14.0,0.0,-1217221.5252358112,-99.96521094537917,5169067.473843364,-628238.4884469039,0.449383039295435
28210.0,Put,3.0,0.0,-261859.88985979563,-20.71418097936443,1097690.6906506545,-130529.34000085697,0.450578620000426
28180.0,Put,3.0,4.0,-263861.5734432652,-18.45506764860126,1067044.9504627544,-117564.00456798541,0.455458928146306
27970.0,Put,11.0,6.0,-960128.5458222572,-10.300429921442236,3150591.6149012605,-70592.51148922251,0.487607909960582
27970.0,Call,5.0,22.0,-436422.06628282374,-4.682013600655219,-1361355.212776398,-31704.841892173208,0.487607909960605
28060.0,Put,20.0,14.0,-1774487.3516286775,-62.43642607689522,6310358.612761015,-413930.8885805503,0.473601085587676
28140.0,Call,10.0,12.0,-885491.4585880735,-51.40326858768236,-2165248.870734711,-331199.89251082233,0.461656559816911
28020.0,Put,7.0,20.0,-617429.0985484784,-14.901101118498088,2116887.738953155,-100241.70659035572,0.48017850500548
28020.0,Call,2.0,14.0,-176408.31387099458,-4.257457462428058,-512551.85591118416,-28487.42226516466,0.480178505005478
28060.0,Call,13.0,23.0,-1153416.7785586617,-40.583676949983314,-3161216.9088981743,-268060.15291884245,0.473601085587667
28160.0,Call,13.0,14.0,-1147010.7465741616,-73.30168162248813,-2727887.112661689,-469577.27889092494,0.458954255938629
27560.0,Call,2.0,2.0,-138429.2717989137,12.021137584305013,-769488.5418577592,91636.76846039876,0.545073589394126
27910.0,Call,9.0,11.0,-772182.0884213021,3.7649795048117825,-2618296.1540184193,26425.869937547883,0.495635666671086
27930.0,Put,5.0,6.0,-431825.3972838349,-0.11750451803151199,1369590.8027054244,-996.6795394713929,0.492900549170775
27940.0,Put,11.0,24.0,-952000.4854032047,-2.730351008976469,3047181.791316565,-19182.298970412845,0.491991988969948
27490.0,Put,4.0,3.0,-260874.0524822226,26.53158692110182,634012.8016120717,205395.0383897204,0.554422848654456
27510.0,Call,0.0,0.0,-0.0,0.0,-0.0,0.0,0.551317627237672
27920.0,Put,3.0,8.0,-258599.73736307703,0.5993658450798421,812490.360418905,4021.6823117939075,0.493630922337338
27520.0,Put,5.0,6.0,-334764.2956820069,31.941276027309797,824788.9443796709,245418.15310102364,0.550281751716856
27540.0,Call,0.0,0.0,-0.0,0.0,-0.0,0.0,0.531633464728434
27570.0,Put,14.0,12.0,-977102.3272887681,82.76413145367826,2467041.9746268,628120.7344418189,0.54358237552638
27510.0,Put,19.0,17.0,-1261702.6554897218,123.12243802232248,3091691.8467273465,947794.6842957365,0.55131762723768
27440.0,Put,14.0,2.0,-873831.936204138,98.12791592003236,2070965.1210966448,767181.3197736786,0.559882389777364
27460.0,Call,0.0,0.0,-0.0,0.0,-0.0,0.0,0.557789645584277
27330.0,Call,0.0,0.0,-0.0,0.0,-0.0,0.0,0.553143571195344
27380.0,Put,7.0,9.0,-413436.4721053355,51.65251350842417,950603.9603697968,408045.6467371769,0.565700626616373
27370.0,Call,0.0,0.0,-0.0,0.0,-0.0,0.0,0.566119018686044
27270.0,Put,9.0,10.0,-477325.56304931984,70.98612248553414,1031025.3416787481,566957.0767885803,0.571894207514906
27325.0,Put,9.0,17.0,-504938.5744958697,69.2169504608388,1122328.2794300045,549036.3298049746,0.567990424038443
27325.0,Call,0.0,0.0,-0.0,0.0,-0.0,0.0,0.567990424038453
27270.0,Call,0.0,0.0,-0.0,0.0,-0.0,0.0,0.571894207514921
27210.0,Call,0.0,0.0,-0.0,0.0,-0.0,0.0,0.577457201202678
27220.0,Put,6.0,4.0,-301368.9691142525,47.87699716374341,636687.7263670207,385504.9549615386,0.576543528676683
27230.0,Put,12.0,13.0,-609410.4704477903,95.56649000113626,1293425.0832046417,768392.1542182342,0.575715887050745
27230.0,Call,0.0,0.0,-0.0,0.0,-0.0,0.0,0.575715887050758
27275.0,Put,15.0,21.0,-799603.7831015448,118.0192966099157,1732649.156067396,942428.3417736662,0.571788577623765
27275.0,Call,0.0,0.0,-0.0,0.0,-0.0,0.0,0.571788577623742
27320.0,Call,0.0,0.0,-0.0,0.0,-0.0,0.0,0.568618399626619
27025.0,Call,0.0,0.0,-0.0,0.0,-0.0,0.0,0.591193581022553
27030.0,Put,11.0,12.0,-440523.30889390246,86.86719536015784,856077.2995045589,717287.1867223043,0.591206319131667
27070.0,Put,4.0,5.0,-168484.1537774248,31.828945944560047,333782.9142296267,261906.09904328815,0.589155538204589
26990.0,Call,0.0,0.0,-0.0,0.0,-0.0,0.0,0.591769559175572
27010.0,Put,49.0,54.0,-1911291.7484404158,385.76620768891587,3665061.2120178253,3182897.7374589583,0.590741932649046
27025.0,Put,6.0,7.0,-238729.03541086236,47.343628703017906,462503.5944696521,390921.96674978174,0.591193581022511
27030.0,Call,0.0,0.0,-0.0,0.0,-0.0,0.0,0.591206319131699
27120.0,Put,5.0,2.0,-223877.01166909916,40.277885997692486,449467.4909321935,327481.8471434486,0.582147457201941
27120.0,Call,0.0,0.0,-0.0,0.0,-0.0,0.0,0.582147457201891
29150.0,Call,84.0,15.0,-1965014.9640569566,-601.0934150284586,-2537838.392814792,-4204960.538055457,0.50082575548029
27760.0,Put,6.0,8.0,-476774.0538480326,19.810137369861284,1346521.3666775462,143583.2033713618,0.519522676226314
27770.0,Put,10.0,11.0,-799786.6954900528,31.36839519017368,2271311.9650232987,226557.05322772317,0.517740460232888
29170.0,Put,0.0,0.0,-0.0,-0.0,0.0,-0.0,0.504862724389246
27740.0,Call,0.0,0.0,-0.0,0.0,-0.0,0.0,0.507669419580302
27780.0,Put,7.0,8.0,-563690.3590352449,20.79880262709045,1608923.3069448008,149610.6114857548,0.515696490020673
27770.0,Call,1.0,2.0,-79978.66954900455,3.136839519017305,-331557.2655894269,22732.237988812045,0.517740460232893
29140.0,Call,0.0,0.0,-0.0,-0.0,-0.0,-0.0,0.498723244677408
29170.0,Call,9.0,4.0,-204553.63137066594,-63.07486155876629,-264866.1326575748,-444798.5792045529,0.50486272438869
29180.0,Put,0.0,0.0,-0.0,-0.0,0.0,-0.0,0.506791221804684
27760.0,Call,2.0,4.0,-158924.68461600947,6.603379123286963,-668536.4686243313,48014.13312253338,0.519522676226319
29160.0,Put,0.0,0.0,-0.0,-0.0,0.0,-0.0,0.50287315356456
27670.0,Call,0.0,0.0,-0.0,0.0,-0.0,0.0,0.530393002119194
27720.0,Call,12.0,21.0,-956283.5631164128,50.27600510812349,-4161283.798680051,358538.56337945396,0.509700284939412
27730.0,Put,25.0,22.0,-1952342.5813752294,94.90416426483057,5406881.834598828,692999.4072808214,0.523289849874899
27720.0,Put,23.0,24.0,-1786961.301463399,91.1349570496953,4911513.79623681,666435.0070900157,0.524012724448623
27670.0,Put,5.0,0.0,-376041.9764165374,23.50554384729015,1002563.7427403476,174018.20198951685,0.530393002119201
27680.0,Put,14.0,10.0,-1060534.666200044,63.90768888931493,2842563.527120887,471732.1259442431,0.528848746281577
27610.0,Call,0.0,0.0,-0.0,0.0,-0.0,0.0,0.537316831049224
27660.0,Put,3.0,3.0,-224026.78503759304,14.508076384322965,593977.0098541351,107697.5526212425,0.531807903972523
27660.0,Call,1.0,12.0,-74675.5950125304,4.836025461440901,-360696.1254737116,35975.71687312049,0.531807903972528
29050.0,Call,36.0,14.0,-968080.2180883985,-285.33129273938624,-1222606.2409155942,-1903772.094832151,0.477677245189177
28300.0,Put,28.0,16.0,-2334970.2781452397,-249.68009821320823,11076501.000930985,-1534388.2187272087,0.439493490250644
26850.0,Call,0.0,0.0,-0.0,0.0,-0.0,0.0,0.611231083864119
26600.0,Call,0.0,0.0,-0.0,0.0,-0.0,0.0,0.658408711743649
27350.0,Call,0.0,0.0,-0.0,0.0,-0.0,0.0,0.551846720373334
28850.0,Call,32.0,100.0,-1138382.3380132266,-312.899346144345,-1326932.7928328214,-1841520.3765576892,0.421352461606357
27450.0,Call,6.0,6.0,-377850.70695208706,41.631086490671656,-2452067.177883519,325338.77038705396,0.55885642507419
26810.0,Put,1.0,1.0,-29872.69699893603,7.076407100269835,54408.45285519949,60788.86361975667,0.61502852166981
26810.0,Call,0.0,0.0,-0.0,0.0,-0.0,0.0,0.615028521669758
26790.0,Call,0.0,0.0,-0.0,0.0,-0.0,0.0,0.618759921939313
26820.0,Put,2.0,2.0,-60521.899561272505,14.253794268271172,110251.52646663901,122039.71498093808,0.612992608092944
26820.0,Call,0.0,0.0,-0.0,0.0,-0.0,0.0,0.612992608092956
26825.0,Put,7.0,8.0,-213216.56493868894,50.06221810088398,388530.51137185254,427971.20299262786,0.61205332611262
26830.0,Call,0.0,0.0,-0.0,0.0,-0.0,0.0,0.6116065196792
26825.0,Call,0.0,0.0,-0.0,0.0,-0.0,0.0,0.605111109604293
26830.0,Put,1.0,1.0,-30674.217507942165,7.174096466535599,55984.63497797884,61284.9982924873,0.611606519679194
26860.0,Call,0.0,0.0,-0.0,0.0,-0.0,0.0,0.610797916692631
27130.0,Put,0.0,0.0,-0.0,0.0,0.0,0.0,0.580649959841758
27140.0,Call,0.0,0.0,-0.0,0.0,-0.0,0.0,0.568992958474596
27290.0,Put,1.0,2.0,-54124.04240157359,7.8098511201276475,118346.38129591517,62305.87059369792,0.571254978353539
28590.0,Call,20.0,10.0,-1174242.6459831246,-244.6013823823752,-1538130.0792761813,-1366577.2017185804,0.400011996427388
28610.0,Put,1.0,0.0,-56541.01447475112,-12.159776944669254,486133.4136134381,-67852.90227575983,0.39906824654499
28830.0,Call,3.0,0.0,-109899.17953119015,-29.99207422144536,-126801.11096015724,-173930.67454779835,0.415187094149326
28840.0,Call,11.0,10.0,-397081.30510118994,-108.75449804725399,-460517.58373569057,-635391.3788148338,0.418280870031447
28980.0,Call,2.0,0.0,-59213.59009025193,-17.030085951964043,-73058.6763204136,-109233.3948508868,0.459207715463883
28990.0,Put,1.0,0.0,-29201.44842397714,-8.427628853506905,522526.87040142604,-54454.22278034646,0.461940150632475
29030.0,Call,1.0,0.0,-27639.683224628574,-8.08908569805954,-34694.883391530035,-53393.69572576542,0.472563308313944
29090.0,Call,16.0,0.0,-407185.9607204556,-121.75688694484629,-519762.67243492353,-829025.8564387063,0.487464096974664
29190.0,Call,0.0,0.0,-0.0,-0.0,-0.0,-0.0,0.508654876833225
29220.0,Put,0.0,0.0,-0.0,-0.0,0.0,-0.0,0.513813640799097
29300.0,Put,19.0,0.0,-349992.9782354275,-114.81808668969533,10165154.406350724,-840780.3253868072,0.523339076229667
28330.0,Call,14.0,24.0,-1145046.9844342698,-133.72133695500037,-2143589.250236336,-811743.3640013785,0.43471628316289
28330.0,Put,1.0,1.0,-81789.07031673533,-9.551524068214837,405574.9442177372,-58058.20152328248,0.434716283162875
28320.0,Call,20.0,27.0,-1647479.2812557237,-187.02883241915717,-3127611.05406607,-1138975.8860757477,0.436114069571847
26790.0,Put,28.0,30.0,-814839.757122233,195.34752891771888,1482335.9985922733,1688290.0839711272,0.618759921939312
26840.0,Put,2.0,3.0,-62255.41968729006,14.42872013621418,114202.9979509197,123222.94302553506,0.611434159056806
26860.0,Put,1.0,1.0,-32035.031522359055,7.292746311846673,59324.90787707125,62215.86343709854,0.610797916692573
28230.0,Call,32.0,36.0,-2772019.8063651677,-236.22420764374522,-5954890.349154315,-1477130.7930478775,0.447883556472155
27575.0,Call,0.0,0.0,-0.0,0.0,-0.0,0.0,0.542751451668989
27480.0,Call,0.0,0.0,-0.0,0.0,-0.0,0.0,0.555743890368689
27430.0,Put,15.0,7.0,-927670.3874994313,106.09630027162606,2188474.738003373,831271.1345406076,0.561086543690615
26840.0,Call,0.0,0.0,-0.0,0.0,-0.0,0.0,0.611434159056877
27420.0,Call,0.0,0.0,-0.0,0.0,-0.0,0.0,0.56217150404921
27390.0,Call,1.0,0.0,-59605.7113996439,7.318029837594475,-420856.87344110827,57819.69285715786,0.565039947304186
27290.0,Call,0.0,0.0,-0.0,0.0,-0.0,0.0,0.556931569518152
28790.0,Put,2.0,2.0,-78959.2238371109,-20.92522906163846,1025988.1355958286,-119606.65611427216,0.408700620944281
28790.0,Call,33.0,1.0,-1302827.1933122585,-345.26627951703483,-1507915.011696592,-1970984.2479060618,0.408700620944258
28810.0,Call,6.0,9.0,-226751.15507592726,-61.35333525254359,-259450.3999717211,-350924.6875113819,0.409496811221549
27880.0,Call,4.0,13.0,-346114.1564670024,4.446075792625714,-1201244.2088914434,30593.40950595231,0.489936225977037
28540.0,Put,0.0,0.0,-0.0,-0.0,0.0,-0.0,0.404425177280239
28530.0,Put,7.0,1.0,-456172.6405488583,-85.46836374650097,3270138.0962961353,-483621.5041539897,0.404695662631438
28510.0,Put,0.0,0.0,-0.0,-0.0,0.0,-0.0,0.405727975600166
28490.0,Call,16.0,24.0,-1107615.872852093,-191.15524660205142,-1646039.8164781954,-1095601.6071504161,0.410380396909425
28490.0,Put,0.0,0.0,-0.0,-0.0,0.0,-0.0,0.410380396909365
28370.0,Put,15.0,0.0,-1188429.590417371,-154.61957461426596,6278601.5439613685,-927088.9326092905,0.428829473285342
28360.0,Call,7.0,16.0,-559331.031745035,-70.88614444095172,-1003432.7314953216,-425979.28089692636,0.430326443538584
28340.0,Put,7.0,0.0,-568456.0337479407,-68.28809206770298,2862281.300199337,-413501.17222378525,0.43306247844855
27430.0,Call,0.0,0.0,-0.0,0.0,-0.0,0.0,0.561086543690601
27825.0,Call,13.0,15.0,-1075978.8239114878,28.15192998322242,-4110866.933790937,200109.6575441634,0.507419078297819
28675.0,Put,29.0,0.0,-1435564.9651065697,-340.67150002752385,14478177.073247485,-1885701.483050962,0.395832018359479
27190.0,Call,0.0,0.0,-0.0,0.0,-0.0,0.0,0.579468926172301
27470.0,Put,4.0,2.0,-256338.73964301063,27.150343097991968,617003.814911687,211106.09284740483,0.55683956684098
28290.0,Call,19.0,25.0,-1594232.1138778287,-165.40224763359686,-3161299.015695062,-1018111.6894318555,0.440828334890982
27020.0,Call,0.0,0.0,-0.0,0.0,-0.0,0.0,0.591113808655566
28525.0,Call,40.0,94.0,-2627794.696947543,-488.1996945870804,-3707711.5135598127,-2759806.171346104,0.404754600102063
28570.0,Call,10.0,3.0,-608785.2565072969,-122.71141022026217,-814209.5821004164,-687229.7718188036,0.400975921324731
27390.0,Put,6.0,6.0,-357634.26839786314,43.908179025566724,826989.531903895,346458.96114670695,0.565039947304187
